time,open,high,low,close,volume
2025-06-13 10:00:00,0.0439,0.049,0.04206,0.04512,170290131.0
2025-06-13 10:30:00,0.04504,0.04769,0.0448,0.04646,157257499.0
2025-06-13 11:00:00,0.04646,0.047,0.04524,0.04637,122043609.0
2025-06-13 11:30:00,0.04637,0.04687,0.04545,0.04652,79619188.0
2025-06-13 12:00:00,0.04648,0.04687,0.04585,0.04643,60169765.0
2025-06-13 12:30:00,0.04639,0.0464,0.04415,0.04527,89743965.0
2025-06-13 13:00:00,0.04526,0.046,0.04492,0.04542,61314808.0
2025-06-13 13:30:00,0.04541,0.048,0.04507,0.04693,77727880.0
2025-06-13 14:00:00,0.04692,0.0475,0.046,0.04662,96303268.0
2025-06-13 14:30:00,0.04662,0.04742,0.04623,0.04668,68042235.0
2025-06-13 15:00:00,0.04666,0.04715,0.04616,0.04656,51367680.0
2025-06-13 15:30:00,0.04654,0.04676,0.04486,0.0461,74619017.0
2025-06-13 16:00:00,0.0461,0.0475,0.04555,0.04687,67850057.0
2025-06-13 16:30:00,0.04683,0.05395,0.04656,0.0528,335108782.0
2025-06-13 17:00:00,0.0528,0.05378,0.05,0.05097,215231309.0
2025-06-13 17:30:00,0.05098,0.0511,0.04901,0.05008,151889920.0
2025-06-13 18:00:00,0.05009,0.05084,0.04952,0.05052,77243180.0
2025-06-13 18:30:00,0.05052,0.05083,0.04951,0.05008,53715403.0
2025-06-13 19:00:00,0.05009,0.05083,0.04826,0.05027,93337785.0
2025-06-13 19:30:00,0.05029,0.05054,0.04944,0.04964,37468282.0
2025-06-13 20:00:00,0.04965,0.05058,0.0492,0.05035,33042846.0
2025-06-13 20:30:00,0.05035,0.0509,0.04617,0.0488,120410794.0
2025-06-13 21:00:00,0.04877,0.0488,0.04764,0.04778,50133908.0
2025-06-13 21:30:00,0.04775,0.04855,0.04741,0.04801,28024794.0
2025-06-13 22:00:00,0.04804,0.05028,0.04774,0.04947,59578416.0
2025-06-13 22:30:00,0.04947,0.0496,0.04799,0.04848,42726780.0
2025-06-13 23:00:00,0.04849,0.04968,0.0481,0.0494,28026452.0
2025-06-13 23:30:00,0.0494,0.05035,0.04912,0.04985,38837916.0
2025-06-14 00:00:00,0.04985,0.05166,0.04934,0.04963,61662232.0
2025-06-14 00:30:00,0.04968,0.05049,0.04888,0.04903,34821230.0
2025-06-14 01:00:00,0.04904,0.04952,0.04831,0.04937,30586481.0
2025-06-14 01:30:00,0.04932,0.04994,0.04876,0.04937,22332759.0
2025-06-14 02:00:00,0.04939,0.04954,0.04851,0.04891,25917308.0
2025-06-14 02:30:00,0.0489,0.04934,0.04838,0.04841,15639170.0
2025-06-14 03:00:00,0.04846,0.04901,0.04803,0.04858,28510612.0
2025-06-14 03:30:00,0.0486,0.04883,0.04813,0.04833,16893114.0
2025-06-14 04:00:00,0.04834,0.04987,0.04827,0.04916,31976050.0
2025-06-14 04:30:00,0.04916,0.0498,0.04879,0.04973,23164906.0
2025-06-14 05:00:00,0.04971,0.05044,0.04961,0.05004,36358636.0
2025-06-14 05:30:00,0.05005,0.052,0.04969,0.05074,53912986.0
2025-06-14 06:00:00,0.05081,0.05149,0.05043,0.05066,46358162.0
2025-06-14 06:30:00,0.05068,0.05102,0.05002,0.05055,38120492.0
2025-06-14 07:00:00,0.05054,0.05139,0.04993,0.0508,47846029.0
2025-06-14 07:30:00,0.0508,0.05125,0.04915,0.04986,78982413.0
2025-06-14 08:00:00,0.04991,0.0504,0.04941,0.05014,30711263.0
2025-06-14 08:30:00,0.05011,0.05069,0.05,0.05051,25608635.0
2025-06-14 09:00:00,0.05051,0.05093,0.05019,0.05064,29198832.0
2025-06-14 09:30:00,0.05063,0.05076,0.05,0.05026,26199345.0
2025-06-14 10:00:00,0.05025,0.05051,0.04668,0.04868,108027042.0
2025-06-14 10:30:00,0.04866,0.04942,0.04832,0.04851,35373476.0
2025-06-14 11:00:00,0.0485,0.04878,0.0477,0.04828,33076092.0
2025-06-14 11:30:00,0.04828,0.04858,0.048,0.04831,26348829.0
2025-06-14 12:00:00,0.04831,0.04854,0.04742,0.04792,35735017.0
2025-06-14 12:30:00,0.04792,0.04854,0.04784,0.04834,21272220.0
2025-06-14 13:00:00,0.04835,0.049,0.0482,0.04831,21279291.0
2025-06-14 13:30:00,0.04832,0.04967,0.04823,0.0495,35188877.0
2025-06-14 14:00:00,0.04949,0.0497,0.049,0.04917,27497435.0
2025-06-14 14:30:00,0.04918,0.04949,0.0488,0.04907,18005940.0
2025-06-14 15:00:00,0.0491,0.04928,0.04829,0.04844,21850602.0
2025-06-14 15:30:00,0.04843,0.04851,0.04776,0.04831,30512267.0
2025-06-14 16:00:00,0.04831,0.05092,0.04827,0.05035,63250432.0
2025-06-14 16:30:00,0.05035,0.05064,0.04946,0.04991,66711016.0
2025-06-14 17:00:00,0.0499,0.04993,0.04648,0.04804,86445763.0
2025-06-14 17:30:00,0.04803,0.04939,0.0478,0.04886,32587272.0
2025-06-14 18:00:00,0.04887,0.04928,0.04795,0.04812,21869731.0
2025-06-14 18:30:00,0.04812,0.04851,0.0475,0.04823,26457866.0
2025-06-14 19:00:00,0.04824,0.04841,0.04754,0.04803,22919827.0
2025-06-14 19:30:00,0.04805,0.04836,0.0477,0.04785,9506193.0
2025-06-14 20:00:00,0.0478,0.04834,0.0474,0.04808,13102883.0
2025-06-14 20:30:00,0.04808,0.0494,0.04807,0.04911,21817214.0
2025-06-14 21:00:00,0.0491,0.0494,0.04881,0.04917,14481100.0
2025-06-14 21:30:00,0.04917,0.04981,0.04891,0.04953,14866800.0
2025-06-14 22:00:00,0.04954,0.05049,0.0495,0.04973,26895285.0
2025-06-14 22:30:00,0.04973,0.04996,0.0492,0.0494,16711028.0
2025-06-14 23:00:00,0.04939,0.04984,0.04855,0.04868,23038853.0
2025-06-14 23:30:00,0.04869,0.04885,0.04688,0.04747,42375930.0
2025-06-15 00:00:00,0.04747,0.04847,0.04704,0.04803,30463585.0
2025-06-15 00:30:00,0.04802,0.04829,0.04747,0.04806,13155110.0
2025-06-15 01:00:00,0.04807,0.04828,0.04765,0.04803,7082476.0
2025-06-15 01:30:00,0.04803,0.04807,0.04752,0.0479,11870189.0
2025-06-15 02:00:00,0.04789,0.04841,0.04775,0.04808,13120364.0
2025-06-15 02:30:00,0.04808,0.04817,0.04776,0.04815,7116310.0
2025-06-15 03:00:00,0.04815,0.04817,0.04768,0.04787,7924132.0
2025-06-15 03:30:00,0.04788,0.04797,0.04753,0.04766,6489488.0
2025-06-15 04:00:00,0.04768,0.04796,0.04721,0.0475,8063287.0
2025-06-15 04:30:00,0.0475,0.04789,0.04735,0.04778,5955334.0
2025-06-15 05:00:00,0.04777,0.0481,0.04753,0.04795,6904257.0
2025-06-15 05:30:00,0.04796,0.04827,0.04783,0.04803,7818506.0
2025-06-15 06:00:00,0.04804,0.04804,0.04601,0.04669,45683647.0
2025-06-15 06:30:00,0.0467,0.04773,0.04662,0.04745,19384172.0
2025-06-15 07:00:00,0.04742,0.04745,0.04657,0.04674,13742731.0
2025-06-15 07:30:00,0.04674,0.04715,0.0466,0.0468,13940211.0
2025-06-15 08:00:00,0.0468,0.04689,0.04647,0.04678,11459198.0
2025-06-15 08:30:00,0.04677,0.04677,0.04645,0.04668,9570563.0
2025-06-15 09:00:00,0.04667,0.04667,0.0461,0.04643,15707843.0
2025-06-15 09:30:00,0.04643,0.04682,0.04619,0.04668,11190613.0
2025-06-15 10:00:00,0.04669,0.04673,0.04567,0.0461,21444419.0
2025-06-15 10:30:00,0.0461,0.04625,0.04588,0.04595,8602734.0
2025-06-15 11:00:00,0.04598,0.04647,0.04591,0.04609,11602184.0
2025-06-15 11:30:00,0.04609,0.04666,0.04591,0.04654,11671751.0
2025-06-15 12:00:00,0.04656,0.04656,0.04612,0.04622,8306041.0
2025-06-15 12:30:00,0.04623,0.04626,0.04546,0.04593,18464926.0
2025-06-15 13:00:00,0.04593,0.0466,0.04565,0.04595,16648213.0
2025-06-15 13:30:00,0.04594,0.04616,0.0453,0.04586,19191254.0
2025-06-15 14:00:00,0.04585,0.04599,0.044,0.04449,35092426.0
2025-06-15 14:30:00,0.04448,0.0471,0.04431,0.04581,38102834.0
2025-06-15 15:00:00,0.04579,0.04784,0.04511,0.04611,30652301.0
2025-06-15 15:30:00,0.04609,0.04649,0.04564,0.04614,12903750.0
2025-06-15 16:00:00,0.04615,0.04635,0.04511,0.04548,15972702.0
2025-06-15 16:30:00,0.04548,0.04565,0.04457,0.04489,16893381.0
2025-06-15 17:00:00,0.04488,0.04498,0.0443,0.04447,15076536.0
2025-06-15 17:30:00,0.04447,0.04494,0.04441,0.04467,7659097.0
2025-06-15 18:00:00,0.04468,0.04487,0.04374,0.0442,15418292.0
2025-06-15 18:30:00,0.0442,0.04478,0.04397,0.04447,10368354.0
2025-06-15 19:00:00,0.04445,0.04465,0.04394,0.0441,7784908.0
2025-06-15 19:30:00,0.04412,0.04455,0.04386,0.0442,12076898.0
2025-06-15 20:00:00,0.04421,0.04431,0.04346,0.04357,16219623.0
2025-06-15 20:30:00,0.04354,0.04383,0.04247,0.04311,23836850.0
2025-06-15 21:00:00,0.0431,0.0433,0.04234,0.04242,17241426.0
2025-06-15 21:30:00,0.04245,0.04348,0.04226,0.0432,15671330.0
2025-06-15 22:00:00,0.04321,0.04386,0.04289,0.04356,12195003.0
2025-06-15 22:30:00,0.04355,0.04372,0.04282,0.04296,9736805.0
2025-06-15 23:00:00,0.04297,0.04337,0.04273,0.04332,11285539.0
2025-06-15 23:30:00,0.04329,0.04389,0.04305,0.04305,10256464.0
2025-06-16 00:00:00,0.04306,0.04342,0.04252,0.0429,17802256.0
2025-06-16 00:30:00,0.04291,0.04291,0.0415,0.04228,30332709.0
2025-06-16 01:00:00,0.04229,0.04233,0.04165,0.04197,15981371.0
2025-06-16 01:30:00,0.04198,0.04286,0.04186,0.04284,14595562.0
2025-06-16 02:00:00,0.04282,0.04328,0.04267,0.04296,14589986.0
2025-06-16 02:30:00,0.04295,0.04302,0.04256,0.04276,7413810.0
2025-06-16 03:00:00,0.04279,0.0428,0.042,0.04227,12893960.0
2025-06-16 03:30:00,0.04226,0.04248,0.04211,0.04227,7768506.0
2025-06-16 04:00:00,0.04227,0.04386,0.04216,0.04353,22798146.0
2025-06-16 04:30:00,0.04353,0.04385,0.04334,0.04354,10704632.0
2025-06-16 05:00:00,0.04353,0.04456,0.04346,0.04424,16026865.0
2025-06-16 05:30:00,0.04422,0.04428,0.04372,0.04383,12163470.0
2025-06-16 06:00:00,0.04384,0.0448,0.0436,0.04447,17275362.0
2025-06-16 06:30:00,0.04446,0.04475,0.04417,0.04431,10930986.0
2025-06-16 07:00:00,0.0443,0.04495,0.04423,0.04475,13311549.0
2025-06-16 07:30:00,0.04476,0.04491,0.04445,0.04471,7649258.0
2025-06-16 08:00:00,0.04471,0.04499,0.04448,0.04474,9123345.0
2025-06-16 08:30:00,0.04474,0.04483,0.04399,0.04424,12121189.0
2025-06-16 09:00:00,0.04425,0.04425,0.04347,0.04386,15207832.0
2025-06-16 09:30:00,0.04386,0.04402,0.04361,0.04391,7543772.0
2025-06-16 10:00:00,0.04391,0.04405,0.04351,0.0436,7873027.0
2025-06-16 10:30:00,0.04361,0.04392,0.04353,0.04383,5604148.0
2025-06-16 11:00:00,0.04384,0.04398,0.04356,0.04362,4217228.0
2025-06-16 11:30:00,0.04364,0.04386,0.04356,0.04382,5295713.0
2025-06-16 12:00:00,0.04382,0.04385,0.04316,0.04342,9574031.0
2025-06-16 12:30:00,0.04342,0.04393,0.04321,0.04375,7122883.0
2025-06-16 13:00:00,0.04375,0.04418,0.04346,0.0435,7587397.0
2025-06-16 13:30:00,0.04351,0.04385,0.04332,0.04378,4737823.0
2025-06-16 14:00:00,0.04379,0.04411,0.0436,0.04395,6857483.0
2025-06-16 14:30:00,0.04395,0.04414,0.0431,0.04322,8181323.0
2025-06-16 15:00:00,0.04323,0.04345,0.04272,0.04326,10780030.0
2025-06-16 15:30:00,0.04328,0.04369,0.0431,0.04322,6846231.0
2025-06-16 16:00:00,0.04322,0.04392,0.04298,0.04387,10224982.0
2025-06-16 16:30:00,0.04386,0.04394,0.04359,0.04367,4938331.0
2025-06-16 17:00:00,0.04367,0.04487,0.04364,0.04426,12945234.0
2025-06-16 17:30:00,0.04428,0.04645,0.04402,0.04576,22226492.0
2025-06-16 18:00:00,0.04571,0.04595,0.04493,0.04525,22354129.0
2025-06-16 18:30:00,0.04524,0.04524,0.0448,0.04494,7912712.0
2025-06-16 19:00:00,0.04492,0.04558,0.04464,0.04547,7323238.0
2025-06-16 19:30:00,0.04548,0.0455,0.04456,0.04468,6368340.0
2025-06-16 20:00:00,0.04466,0.04491,0.0444,0.04455,6291835.0
2025-06-16 20:30:00,0.04455,0.04472,0.04443,0.04466,2490350.0
2025-06-16 21:00:00,0.04464,0.04484,0.04445,0.04462,4022213.0
2025-06-16 21:30:00,0.04463,0.04494,0.04442,0.04467,4153441.0
2025-06-16 22:00:00,0.04467,0.04487,0.04446,0.04468,4222565.0
2025-06-16 22:30:00,0.04468,0.04474,0.04334,0.04381,12734955.0
2025-06-16 23:00:00,0.04382,0.04481,0.04365,0.04456,9096484.0
2025-06-16 23:30:00,0.04455,0.04456,0.04386,0.04405,7937930.0
2025-06-17 00:00:00,0.04404,0.04405,0.04267,0.04381,14459949.0
2025-06-17 00:30:00,0.04382,0.04477,0.0437,0.04448,9602398.0
2025-06-17 01:00:00,0.04448,0.0445,0.04337,0.04392,7913800.0
2025-06-17 01:30:00,0.04393,0.04393,0.04269,0.04296,7238034.0
2025-06-17 02:00:00,0.04295,0.04322,0.04274,0.04304,5916788.0
2025-06-17 02:30:00,0.04303,0.04367,0.043,0.04343,4285549.0
2025-06-17 03:00:00,0.04343,0.04369,0.04333,0.04343,3231936.0
2025-06-17 03:30:00,0.04342,0.04392,0.0434,0.04378,4739564.0
2025-06-17 04:00:00,0.04378,0.04464,0.04368,0.04443,7989498.0
2025-06-17 04:30:00,0.04446,0.04546,0.04442,0.04502,10454990.0
2025-06-17 05:00:00,0.04501,0.04507,0.0446,0.04489,7100459.0
2025-06-17 05:30:00,0.0449,0.04502,0.04439,0.04464,8220932.0
2025-06-17 06:00:00,0.04465,0.04505,0.0445,0.04472,8482393.0
2025-06-17 06:30:00,0.04473,0.0449,0.04453,0.04477,5248586.0
2025-06-17 07:00:00,0.04476,0.0451,0.04476,0.04495,7963918.0
2025-06-17 07:30:00,0.04497,0.04505,0.04477,0.04499,3738306.0
2025-06-17 08:00:00,0.045,0.04505,0.0444,0.04446,6239811.0
2025-06-17 08:30:00,0.04447,0.04507,0.04429,0.04479,9152275.0
2025-06-17 09:00:00,0.04479,0.04539,0.04466,0.04534,9852495.0
2025-06-17 09:30:00,0.04534,0.04547,0.0449,0.04502,8074080.0
2025-06-17 10:00:00,0.04502,0.04637,0.04488,0.04557,19022995.0
2025-06-17 10:30:00,0.04557,0.04596,0.04467,0.04496,18746249.0
2025-06-17 11:00:00,0.04496,0.04572,0.04441,0.04514,19799823.0
2025-06-17 11:30:00,0.04514,0.04559,0.04508,0.04542,13947551.0
2025-06-17 12:00:00,0.04542,0.04558,0.04503,0.04523,10612645.0
2025-06-17 12:30:00,0.04523,0.04545,0.04476,0.04499,7550035.0
2025-06-17 13:00:00,0.045,0.04553,0.04477,0.04547,7989038.0
2025-06-17 13:30:00,0.04547,0.04548,0.04481,0.04507,6737012.0
2025-06-17 14:00:00,0.04506,0.04542,0.0448,0.04521,5782767.0
2025-06-17 14:30:00,0.04522,0.04537,0.04464,0.045,7217378.0
2025-06-17 15:00:00,0.04504,0.04506,0.04402,0.04431,18876449.0
2025-06-17 15:30:00,0.04431,0.0447,0.04408,0.04423,8250449.0
2025-06-17 16:00:00,0.04423,0.04451,0.04377,0.04417,10245820.0
2025-06-17 16:30:00,0.04416,0.04451,0.04356,0.04362,8904036.0
2025-06-17 17:00:00,0.04363,0.04368,0.04307,0.04336,10687807.0
2025-06-17 17:30:00,0.04335,0.0435,0.04259,0.04297,9455139.0
2025-06-17 18:00:00,0.04296,0.04343,0.04234,0.04249,12056378.0
2025-06-17 18:30:00,0.04251,0.0427,0.04215,0.04268,8861375.0
2025-06-17 19:00:00,0.04268,0.0442,0.04261,0.04381,11070548.0
2025-06-17 19:30:00,0.04382,0.04382,0.04294,0.04308,5772482.0
2025-06-17 20:00:00,0.0431,0.04353,0.04266,0.04319,4808190.0
2025-06-17 20:30:00,0.0432,0.04325,0.04295,0.04297,1942348.0
2025-06-17 21:00:00,0.04298,0.04314,0.04268,0.04288,2775987.0
2025-06-17 21:30:00,0.04289,0.04317,0.04192,0.04207,7023080.0
2025-06-17 22:00:00,0.04209,0.04237,0.04178,0.04207,6612995.0
2025-06-17 22:30:00,0.04207,0.04249,0.0418,0.04206,3700403.0
2025-06-17 23:00:00,0.04206,0.04242,0.04205,0.0423,1608143.0
2025-06-17 23:30:00,0.0423,0.04247,0.04205,0.04214,2926568.0
2025-06-18 00:00:00,0.04213,0.04335,0.04207,0.04263,7489405.0
2025-06-18 00:30:00,0.04262,0.04331,0.04262,0.04309,3981329.0
2025-06-18 01:00:00,0.04308,0.04309,0.04245,0.04259,3705340.0
2025-06-18 01:30:00,0.04259,0.04263,0.04168,0.04183,4522825.0
2025-06-18 02:00:00,0.04183,0.04192,0.04118,0.04155,9362913.0
2025-06-18 02:30:00,0.04158,0.04159,0.04116,0.04137,3049919.0
2025-06-18 03:00:00,0.04135,0.04138,0.04076,0.04094,7620808.0
2025-06-18 03:30:00,0.04095,0.04113,0.04054,0.04066,4419846.0
2025-06-18 04:00:00,0.04064,0.04096,0.04041,0.04062,5187419.0
2025-06-18 04:30:00,0.04065,0.04128,0.04056,0.04088,4679257.0
2025-06-18 05:00:00,0.04089,0.04146,0.04066,0.041,6602378.0
2025-06-18 05:30:00,0.041,0.04109,0.04043,0.04054,3423754.0
2025-06-18 06:00:00,0.04055,0.04085,0.04045,0.0408,5302548.0
2025-06-18 06:30:00,0.0408,0.04086,0.0405,0.0406,4917034.0
2025-06-18 07:00:00,0.04056,0.04059,0.03951,0.04009,9777995.0
2025-06-18 07:30:00,0.04009,0.0401,0.0395,0.03982,5948215.0
2025-06-18 08:00:00,0.03984,0.03998,0.0396,0.0398,4759462.0
2025-06-18 08:30:00,0.03979,0.04018,0.0396,0.03988,6446769.0
2025-06-18 09:00:00,0.03989,0.04011,0.03933,0.03942,9763677.0
2025-06-18 09:30:00,0.03944,0.03967,0.03896,0.03954,8617084.0
2025-06-18 10:00:00,0.03954,0.03964,0.03904,0.03911,6128103.0
2025-06-18 10:30:00,0.03911,0.03926,0.03882,0.03909,6471336.0
2025-06-18 11:00:00,0.0391,0.03925,0.03871,0.03895,5011860.0
2025-06-18 11:30:00,0.03896,0.03923,0.03873,0.03907,5439892.0
2025-06-18 12:00:00,0.03908,0.03924,0.03868,0.03885,4768829.0
2025-06-18 12:30:00,0.03884,0.03886,0.0383,0.03835,6526686.0
2025-06-18 13:00:00,0.03834,0.03862,0.03775,0.03793,8971645.0
2025-06-18 13:30:00,0.03794,0.03831,0.03736,0.03774,11662634.0
2025-06-18 14:00:00,0.03776,0.03877,0.03763,0.03848,11722908.0
2025-06-18 14:30:00,0.03848,0.03869,0.03788,0.03803,8826893.0
2025-06-18 15:00:00,0.03804,0.03876,0.03801,0.03856,4922019.0
2025-06-18 15:30:00,0.03856,0.03875,0.03829,0.03846,4820126.0
2025-06-18 16:00:00,0.03846,0.03865,0.03807,0.03846,6902006.0
2025-06-18 16:30:00,0.03845,0.03921,0.03834,0.03848,7432697.0
2025-06-18 17:00:00,0.03851,0.03861,0.03814,0.03818,4607509.0
2025-06-18 17:30:00,0.03816,0.03889,0.03812,0.03861,7091597.0
2025-06-18 18:00:00,0.03863,0.039,0.03839,0.03859,4776714.0
2025-06-18 18:30:00,0.03858,0.03871,0.03821,0.0383,2939449.0
2025-06-18 19:00:00,0.03829,0.0387,0.0381,0.03829,3332022.0
2025-06-18 19:30:00,0.0383,0.03854,0.03826,0.03826,1372406.0
2025-06-18 20:00:00,0.03827,0.03908,0.03821,0.03875,4514346.0
2025-06-18 20:30:00,0.03875,0.03928,0.03855,0.03904,4492260.0
2025-06-18 21:00:00,0.03905,0.0393,0.03873,0.03894,4008881.0
2025-06-18 21:30:00,0.03894,0.03894,0.03858,0.03891,1050172.0
2025-06-18 22:00:00,0.03891,0.03896,0.03859,0.03862,2108883.0
2025-06-18 22:30:00,0.03862,0.03882,0.03844,0.03863,2600845.0
2025-06-18 23:00:00,0.03863,0.03906,0.03863,0.03879,1269113.0
2025-06-18 23:30:00,0.03878,0.03921,0.03871,0.03897,1414052.0
2025-06-19 00:00:00,0.03897,0.03909,0.03847,0.03899,1953773.0
2025-06-19 00:30:00,0.03899,0.03983,0.03887,0.03947,6702321.0
2025-06-19 01:00:00,0.03946,0.0397,0.03879,0.03882,3679022.0
2025-06-19 01:30:00,0.03884,0.03906,0.03876,0.0389,1152655.0
2025-06-19 02:00:00,0.03891,0.03909,0.0387,0.03873,1174920.0
2025-06-19 02:30:00,0.03873,0.03947,0.03872,0.03895,2367551.0
2025-06-19 03:00:00,0.03895,0.0398,0.03894,0.0396,4087198.0
2025-06-19 03:30:00,0.03961,0.03979,0.03936,0.03941,2266573.0
2025-06-19 04:00:00,0.0394,0.03986,0.0394,0.03971,2068832.0
2025-06-19 04:30:00,0.03973,0.04027,0.03966,0.04004,3383176.0
2025-06-19 05:00:00,0.04005,0.04075,0.03997,0.04066,5541110.0
2025-06-19 05:30:00,0.04067,0.04078,0.04032,0.04034,2904362.0
2025-06-19 06:00:00,0.04033,0.04073,0.03993,0.04008,3222649.0
2025-06-19 06:30:00,0.04008,0.04028,0.03983,0.04012,1912435.0
2025-06-19 07:00:00,0.04013,0.04076,0.04013,0.04048,3833891.0
2025-06-19 07:30:00,0.04049,0.04066,0.04022,0.04026,1440543.0
2025-06-19 08:00:00,0.04026,0.04054,0.03999,0.04007,3048204.0
2025-06-19 08:30:00,0.04007,0.04042,0.03996,0.04016,2350854.0
2025-06-19 09:00:00,0.04016,0.04046,0.0399,0.04018,3835317.0
2025-06-19 09:30:00,0.04014,0.04023,0.03978,0.04018,4692202.0
2025-06-19 10:00:00,0.04017,0.04054,0.04015,0.04035,2841354.0
2025-06-19 10:30:00,0.04034,0.04064,0.0399,0.04055,2912949.0
2025-06-19 11:00:00,0.04057,0.04067,0.04008,0.0405,2690128.0
2025-06-19 11:30:00,0.04049,0.04073,0.04029,0.04039,2983950.0
2025-06-19 12:00:00,0.04038,0.04066,0.04008,0.04047,4059834.0
2025-06-19 12:30:00,0.04049,0.04052,0.03987,0.04037,3573701.0
2025-06-19 13:00:00,0.04036,0.04042,0.03981,0.04004,2173396.0
2025-06-19 13:30:00,0.04004,0.04024,0.03984,0.03993,2939019.0
2025-06-19 14:00:00,0.03996,0.04018,0.03887,0.03936,9237149.0
2025-06-19 14:30:00,0.03935,0.03962,0.03879,0.03901,6128233.0
2025-06-19 15:00:00,0.03903,0.03918,0.03885,0.03911,3725151.0
2025-06-19 15:30:00,0.0391,0.03938,0.03902,0.03908,4246239.0
2025-06-19 16:00:00,0.0391,0.03968,0.0384,0.03915,7406132.0
2025-06-19 16:30:00,0.03914,0.03925,0.03849,0.03869,3577818.0
2025-06-19 17:00:00,0.03871,0.03896,0.03854,0.03887,2564305.0
2025-06-19 17:30:00,0.03884,0.03988,0.03872,0.03984,5846284.0
2025-06-19 18:00:00,0.03981,0.04078,0.03981,0.04028,8355727.0
2025-06-19 18:30:00,0.04028,0.04068,0.03994,0.04047,4925510.0
2025-06-19 19:00:00,0.04047,0.04174,0.0404,0.04147,18452955.0
2025-06-19 19:30:00,0.04146,0.0419,0.0409,0.0412,13345923.0
2025-06-19 20:00:00,0.04117,0.04147,0.04075,0.04084,7999311.0
2025-06-19 20:30:00,0.04084,0.04097,0.03989,0.03998,7948787.0
2025-06-19 21:00:00,0.03997,0.04057,0.03976,0.04052,3172994.0
2025-06-19 21:30:00,0.04051,0.04094,0.04028,0.04037,3103641.0
2025-06-19 22:00:00,0.04036,0.04103,0.04014,0.04051,4176112.0
2025-06-19 22:30:00,0.04055,0.04128,0.04051,0.04081,3986035.0
2025-06-19 23:00:00,0.0408,0.04104,0.04066,0.04069,2288219.0
2025-06-19 23:30:00,0.04071,0.04107,0.04049,0.04091,1289410.0
2025-06-20 00:00:00,0.04092,0.04128,0.04081,0.041,3628020.0
2025-06-20 00:30:00,0.041,0.0413,0.04072,0.04092,3588491.0
2025-06-20 01:00:00,0.04092,0.04146,0.04069,0.04127,3018191.0
2025-06-20 01:30:00,0.04126,0.04136,0.04098,0.0411,2040533.0
2025-06-20 02:00:00,0.04109,0.04134,0.04087,0.04109,2927264.0
2025-06-20 02:30:00,0.04108,0.04125,0.04086,0.04105,2349026.0
2025-06-20 03:00:00,0.04104,0.04104,0.04022,0.04093,5350963.0
2025-06-20 03:30:00,0.04093,0.04148,0.04077,0.04128,3914041.0
2025-06-20 04:00:00,0.04129,0.04132,0.0408,0.04112,2498780.0
2025-06-20 04:30:00,0.04111,0.04111,0.03987,0.0401,5701375.0
2025-06-20 05:00:00,0.0401,0.04075,0.04006,0.04072,2690843.0
2025-06-20 05:30:00,0.04072,0.04185,0.04072,0.04163,8278596.0
2025-06-20 06:00:00,0.04162,0.04172,0.04101,0.04145,7019560.0
2025-06-20 06:30:00,0.04144,0.0417,0.04129,0.04149,5066429.0
2025-06-20 07:00:00,0.04149,0.04541,0.0413,0.0438,33549733.0
2025-06-20 07:30:00,0.04377,0.04418,0.0427,0.04379,28706470.0
2025-06-20 08:00:00,0.0438,0.04396,0.04292,0.04317,8452452.0
2025-06-20 08:30:00,0.04318,0.04318,0.04155,0.04161,11044653.0
2025-06-20 09:00:00,0.04163,0.0419,0.04103,0.04145,6728518.0
2025-06-20 09:30:00,0.04147,0.04186,0.04105,0.04137,3588946.0
2025-06-20 10:00:00,0.04134,0.04135,0.04045,0.04077,6501931.0
2025-06-20 10:30:00,0.04079,0.04136,0.04026,0.04041,3406923.0
2025-06-20 11:00:00,0.04037,0.041,0.04014,0.04037,6851998.0
2025-06-20 11:30:00,0.04037,0.04112,0.04035,0.04106,4050353.0
2025-06-20 12:00:00,0.04105,0.04135,0.04083,0.04105,4475738.0
2025-06-20 12:30:00,0.04105,0.0417,0.0406,0.04128,4448078.0
2025-06-20 13:00:00,0.04128,0.04159,0.04108,0.04132,3060218.0
2025-06-20 13:30:00,0.04136,0.04167,0.0409,0.04152,3278036.0
2025-06-20 14:00:00,0.04153,0.04165,0.04064,0.04115,5003102.0
2025-06-20 14:30:00,0.04113,0.04113,0.04025,0.04037,2684937.0
2025-06-20 15:00:00,0.04036,0.0405,0.04014,0.04031,3528063.0
2025-06-20 15:30:00,0.04027,0.04081,0.04021,0.04068,3678744.0
2025-06-20 16:00:00,0.04065,0.04075,0.03947,0.04002,5720707.0
2025-06-20 16:30:00,0.04,0.04073,0.03995,0.04073,3220145.0
2025-06-20 17:00:00,0.04071,0.04075,0.03941,0.03996,6523971.0
2025-06-20 17:30:00,0.03998,0.04066,0.03932,0.04051,8030037.0
2025-06-20 18:00:00,0.04052,0.04148,0.04033,0.04106,7229701.0
2025-06-20 18:30:00,0.04103,0.0412,0.04031,0.04048,3829484.0
2025-06-20 19:00:00,0.04046,0.04088,0.04025,0.04032,3036340.0
2025-06-20 19:30:00,0.04031,0.04048,0.04001,0.04019,2397984.0
2025-06-20 20:00:00,0.04015,0.04093,0.04015,0.04063,2884939.0
2025-06-20 20:30:00,0.04063,0.04066,0.04038,0.04055,1375329.0
2025-06-20 21:00:00,0.04055,0.0408,0.04044,0.04067,1939203.0
2025-06-20 21:30:00,0.04065,0.04099,0.04055,0.04065,2205551.0
2025-06-20 22:00:00,0.04065,0.04071,0.04004,0.04005,1982813.0
2025-06-20 22:30:00,0.04005,0.04024,0.03969,0.03992,3046195.0
2025-06-20 23:00:00,0.03994,0.04013,0.0397,0.03985,2578170.0
2025-06-20 23:30:00,0.03983,0.04001,0.03976,0.03991,961547.0
2025-06-21 00:00:00,0.03994,0.04031,0.03952,0.04031,2322553.0
2025-06-21 00:30:00,0.0403,0.04032,0.03972,0.03983,1996405.0
2025-06-21 01:00:00,0.03982,0.04002,0.0397,0.03991,695030.0
2025-06-21 01:30:00,0.03991,0.04019,0.03982,0.03993,1371078.0
2025-06-21 02:00:00,0.03993,0.04002,0.03952,0.03965,1455022.0
2025-06-21 02:30:00,0.03965,0.03983,0.0396,0.03977,559081.0
2025-06-21 03:00:00,0.03976,0.0401,0.03962,0.03977,1692878.0
2025-06-21 03:30:00,0.03977,0.03989,0.03939,0.0395,1353137.0
2025-06-21 04:00:00,0.03951,0.03957,0.03929,0.03938,1671124.0
2025-06-21 04:30:00,0.0394,0.03942,0.03905,0.03923,1729581.0
2025-06-21 05:00:00,0.03924,0.03948,0.03908,0.03934,1708929.0
2025-06-21 05:30:00,0.03934,0.03952,0.03926,0.03944,858748.0
2025-06-21 06:00:00,0.03943,0.03951,0.03918,0.03945,1769812.0
2025-06-21 06:30:00,0.03947,0.03955,0.03934,0.03941,735910.0
2025-06-21 07:00:00,0.03943,0.03943,0.03923,0.03932,1208514.0
2025-06-21 07:30:00,0.03929,0.03939,0.03923,0.0393,622357.0
2025-06-21 08:00:00,0.0393,0.03945,0.03905,0.03928,2386327.0
2025-06-21 08:30:00,0.0393,0.03951,0.03917,0.03935,1549292.0
2025-06-21 09:00:00,0.03935,0.03944,0.03915,0.03923,1320284.0
2025-06-21 09:30:00,0.03923,0.03961,0.03904,0.03926,3139038.0
2025-06-21 10:00:00,0.03927,0.03958,0.03921,0.03948,2425290.0
2025-06-21 10:30:00,0.03951,0.03961,0.03921,0.0395,2226433.0
2025-06-21 11:00:00,0.03952,0.03997,0.03913,0.0392,4484709.0
2025-06-21 11:30:00,0.03921,0.03955,0.03903,0.03934,1699113.0
2025-06-21 12:00:00,0.03934,0.03943,0.0391,0.03914,1069691.0
2025-06-21 12:30:00,0.03916,0.03924,0.03905,0.0392,1272216.0
2025-06-21 13:00:00,0.0392,0.03939,0.03916,0.03923,1095621.0
2025-06-21 13:30:00,0.03923,0.03927,0.03816,0.03861,5582770.0
2025-06-21 14:00:00,0.03859,0.03875,0.03821,0.03838,1884881.0
2025-06-21 14:30:00,0.03837,0.03877,0.03818,0.03828,3624804.0
2025-06-21 15:00:00,0.03829,0.03834,0.0378,0.03801,3880125.0
2025-06-21 15:30:00,0.03803,0.03815,0.03779,0.03805,1533931.0
2025-06-21 16:00:00,0.03805,0.03823,0.03796,0.03815,1313166.0
2025-06-21 16:30:00,0.03815,0.03817,0.03771,0.03812,1418125.0
2025-06-21 17:00:00,0.0381,0.03837,0.03787,0.03788,1464032.0
2025-06-21 17:30:00,0.03789,0.03789,0.03711,0.03735,3608764.0
2025-06-21 18:00:00,0.03737,0.03737,0.03662,0.03691,4026048.0
2025-06-21 18:30:00,0.03688,0.03688,0.03463,0.03526,18356694.0
2025-06-21 19:00:00,0.03528,0.03583,0.03476,0.0349,11260838.0
2025-06-21 19:30:00,0.03487,0.03552,0.03475,0.03504,4981175.0
2025-06-21 20:00:00,0.03504,0.03579,0.03444,0.0356,8911568.0
2025-06-21 20:30:00,0.03558,0.03703,0.03558,0.03651,11723561.0
2025-06-21 21:00:00,0.03652,0.03666,0.03591,0.03631,3331762.0
2025-06-21 21:30:00,0.0363,0.037,0.03409,0.03575,13636512.0
2025-06-21 22:00:00,0.03577,0.03678,0.03575,0.03646,3943588.0
2025-06-21 22:30:00,0.03645,0.0365,0.03609,0.03634,2088229.0
2025-06-21 23:00:00,0.03637,0.0366,0.03605,0.03614,3319563.0
2025-06-21 23:30:00,0.03613,0.03673,0.03588,0.03658,4633720.0
2025-06-22 00:00:00,0.03658,0.03691,0.03577,0.03596,5796668.0
2025-06-22 00:30:00,0.03596,0.03658,0.03585,0.03637,3970369.0
2025-06-22 01:00:00,0.03633,0.03648,0.03574,0.03592,1531418.0
2025-06-22 01:30:00,0.03589,0.03604,0.03562,0.03582,2243054.0
2025-06-22 02:00:00,0.03585,0.03625,0.0356,0.03577,2742539.0
2025-06-22 02:30:00,0.03579,0.03605,0.03563,0.03586,1346271.0
2025-06-22 03:00:00,0.03587,0.0362,0.03585,0.03598,2174240.0
2025-06-22 03:30:00,0.03597,0.03603,0.03573,0.03598,1543356.0
2025-06-22 04:00:00,0.03601,0.0361,0.03561,0.03565,3049169.0
2025-06-22 04:30:00,0.03565,0.03574,0.03535,0.03545,1592023.0
2025-06-22 05:00:00,0.03545,0.03588,0.03541,0.03561,1665183.0
2025-06-22 05:30:00,0.03561,0.03562,0.03526,0.03548,1095039.0
2025-06-22 06:00:00,0.03551,0.03611,0.03547,0.03588,1598632.0
2025-06-22 06:30:00,0.03588,0.03631,0.03588,0.03623,1663808.0
2025-06-22 07:00:00,0.03622,0.03639,0.03604,0.03634,1112790.0
2025-06-22 07:30:00,0.03631,0.03657,0.03602,0.03646,1308086.0
2025-06-22 08:00:00,0.03648,0.0367,0.03606,0.03623,1165039.0
2025-06-22 08:30:00,0.03622,0.03625,0.03576,0.03603,1357944.0
2025-06-22 09:00:00,0.036,0.03625,0.03566,0.03566,2111336.0
2025-06-22 09:30:00,0.03569,0.03596,0.03542,0.03568,2511552.0
2025-06-22 10:00:00,0.03572,0.03586,0.03546,0.03577,985332.0
2025-06-22 10:30:00,0.03576,0.03612,0.03575,0.03599,975209.0
2025-06-22 11:00:00,0.03599,0.03599,0.03571,0.03575,971730.0
2025-06-22 11:30:00,0.03575,0.03584,0.03531,0.03551,970537.0
2025-06-22 12:00:00,0.03551,0.03602,0.03481,0.03556,4130251.0
2025-06-22 12:30:00,0.0356,0.03588,0.03534,0.03582,1396829.0
2025-06-22 13:00:00,0.03584,0.03609,0.03425,0.03465,5263828.0
2025-06-22 13:30:00,0.03464,0.03548,0.03447,0.03516,5514818.0
2025-06-22 14:00:00,0.03516,0.03522,0.03452,0.03483,1950662.0
2025-06-22 14:30:00,0.03484,0.03551,0.03476,0.03543,3333953.0
2025-06-22 15:00:00,0.0354,0.03549,0.03476,0.03483,2039056.0
2025-06-22 15:30:00,0.03478,0.03523,0.03468,0.03511,2215780.0
2025-06-22 16:00:00,0.03512,0.03535,0.03491,0.03518,1578270.0
2025-06-22 16:30:00,0.03515,0.03539,0.03493,0.03506,1126484.0
2025-06-22 17:00:00,0.03507,0.03534,0.03462,0.03465,1302156.0
2025-06-22 17:30:00,0.03465,0.03507,0.03454,0.03494,772065.0
2025-06-22 18:00:00,0.03497,0.03511,0.03349,0.03387,12614686.0
2025-06-22 18:30:00,0.03388,0.03411,0.03353,0.03357,3620731.0
2025-06-22 19:00:00,0.03358,0.03395,0.03322,0.03372,6685523.0
2025-06-22 19:30:00,0.03372,0.03388,0.0333,0.03374,2294198.0
2025-06-22 20:00:00,0.03374,0.03374,0.03322,0.03353,3009087.0
2025-06-22 20:30:00,0.03355,0.03447,0.0334,0.0343,4615819.0
2025-06-22 21:00:00,0.03427,0.0345,0.03389,0.03399,3952607.0
2025-06-22 21:30:00,0.03397,0.03417,0.03378,0.03387,579245.0
2025-06-22 22:00:00,0.03388,0.03448,0.03383,0.03416,1220848.0
2025-06-22 22:30:00,0.03416,0.03448,0.034,0.03415,1275032.0
2025-06-22 23:00:00,0.03416,0.03452,0.03412,0.03439,1337697.0
2025-06-22 23:30:00,0.03436,0.03463,0.03419,0.03434,1199197.0
2025-06-23 00:00:00,0.03438,0.03467,0.03415,0.03426,2186195.0
2025-06-23 00:30:00,0.03425,0.03448,0.03415,0.03421,1280133.0
2025-06-23 01:00:00,0.03422,0.03424,0.03381,0.03383,2731760.0
2025-06-23 01:30:00,0.03383,0.03428,0.03374,0.03422,971222.0
2025-06-23 02:00:00,0.03422,0.0343,0.03353,0.03378,2651369.0
2025-06-23 02:30:00,0.03378,0.03385,0.03345,0.0336,2040758.0
2025-06-23 03:00:00,0.03363,0.03367,0.03333,0.03349,2671248.0
2025-06-23 03:30:00,0.03348,0.03365,0.03334,0.03337,971837.0
2025-06-23 04:00:00,0.0334,0.03465,0.03336,0.03435,4519665.0
2025-06-23 04:30:00,0.03434,0.03464,0.03414,0.03456,1254194.0
2025-06-23 05:00:00,0.03456,0.03475,0.03406,0.0342,2269861.0
2025-06-23 05:30:00,0.0342,0.03461,0.03414,0.03429,899574.0
2025-06-23 06:00:00,0.0343,0.03466,0.03412,0.03446,2283145.0
2025-06-23 06:30:00,0.03444,0.03448,0.03414,0.03435,715916.0
2025-06-23 07:00:00,0.03434,0.03508,0.03428,0.03444,1754393.0
2025-06-23 07:30:00,0.03444,0.0352,0.03439,0.03483,1533752.0
2025-06-23 08:00:00,0.03483,0.03591,0.03458,0.03535,4331910.0
2025-06-23 08:30:00,0.03535,0.03578,0.03499,0.03555,3686159.0
2025-06-23 09:00:00,0.03555,0.03655,0.03555,0.03618,4939113.0
2025-06-23 09:30:00,0.03618,0.03625,0.03559,0.03588,2371556.0
2025-06-23 10:00:00,0.03588,0.03609,0.03582,0.03596,852230.0
2025-06-23 10:30:00,0.03596,0.03626,0.03573,0.03617,1730890.0
2025-06-23 11:00:00,0.03617,0.03624,0.03572,0.03593,2600451.0
2025-06-23 11:30:00,0.03595,0.03607,0.03573,0.03591,845624.0
2025-06-23 12:00:00,0.03591,0.03594,0.03561,0.03588,1235484.0
2025-06-23 12:30:00,0.03585,0.03635,0.03558,0.03587,2760673.0
2025-06-23 13:00:00,0.03583,0.03584,0.03484,0.03503,4219869.0
2025-06-23 13:30:00,0.03502,0.0361,0.03478,0.03574,3643155.0
2025-06-23 14:00:00,0.03578,0.03607,0.03564,0.03586,1100953.0
2025-06-23 14:30:00,0.03589,0.03591,0.03531,0.03534,1175349.0
2025-06-23 15:00:00,0.03537,0.03566,0.03501,0.03509,1103230.0
2025-06-23 15:30:00,0.03504,0.03519,0.03475,0.03481,1296911.0
2025-06-23 16:00:00,0.03478,0.03508,0.03381,0.03444,8871335.0
2025-06-23 16:30:00,0.03446,0.03458,0.03407,0.03425,4515562.0
2025-06-23 17:00:00,0.03427,0.03563,0.03417,0.03548,2196658.0
2025-06-23 17:30:00,0.0355,0.0362,0.03549,0.03598,2499916.0
2025-06-23 18:00:00,0.03598,0.03648,0.03575,0.03602,3151068.0
2025-06-23 18:30:00,0.03598,0.0362,0.03587,0.03602,1181419.0
2025-06-23 19:00:00,0.03601,0.03612,0.03575,0.03598,1220255.0
2025-06-23 19:30:00,0.03594,0.03631,0.0359,0.03622,615287.0
2025-06-23 20:00:00,0.03618,0.03703,0.03575,0.03677,4211168.0
2025-06-23 20:30:00,0.03679,0.03715,0.03636,0.0369,3159705.0
2025-06-23 21:00:00,0.03688,0.03711,0.03643,0.03661,1907508.0
2025-06-23 21:30:00,0.0366,0.03687,0.03658,0.03682,593537.0
2025-06-23 22:00:00,0.03682,0.03785,0.03672,0.03739,5411454.0
2025-06-23 22:30:00,0.03738,0.03776,0.03728,0.03761,2714629.0
2025-06-23 23:00:00,0.03759,0.03777,0.03738,0.03769,1172978.0
2025-06-23 23:30:00,0.03766,0.0381,0.03757,0.038,1551519.0
2025-06-24 00:00:00,0.038,0.03867,0.03744,0.03778,4084848.0
2025-06-24 00:30:00,0.03777,0.03808,0.03736,0.03764,1669473.0
2025-06-24 01:00:00,0.03761,0.03764,0.03728,0.03738,1335234.0
2025-06-24 01:30:00,0.03738,0.03758,0.03712,0.03724,973085.0
2025-06-24 02:00:00,0.03725,0.03776,0.03711,0.03756,1309018.0
2025-06-24 02:30:00,0.03756,0.03768,0.03739,0.03745,459457.0
2025-06-24 03:00:00,0.03745,0.03791,0.03735,0.03771,1051100.0
2025-06-24 03:30:00,0.03771,0.03799,0.03719,0.03741,1885439.0
2025-06-24 04:00:00,0.03746,0.03773,0.03745,0.03757,554022.0
2025-06-24 04:30:00,0.03757,0.03777,0.03725,0.03738,929656.0
2025-06-24 05:00:00,0.03735,0.03766,0.03728,0.03756,550782.0
2025-06-24 05:30:00,0.03756,0.03799,0.0375,0.03785,1567361.0
2025-06-24 06:00:00,0.03782,0.03845,0.03775,0.03822,1630426.0
2025-06-24 06:30:00,0.03823,0.03871,0.03815,0.03832,1434849.0
2025-06-24 07:00:00,0.03831,0.03861,0.03816,0.03844,1094414.0
2025-06-24 07:30:00,0.03848,0.03849,0.03784,0.03812,1965918.0
2025-06-24 08:00:00,0.03811,0.0382,0.03731,0.03767,2474693.0
2025-06-24 08:30:00,0.03763,0.03769,0.03751,0.03755,401038.0
2025-06-24 09:00:00,0.03755,0.03784,0.03731,0.03771,1124412.0
2025-06-24 09:30:00,0.0377,0.03809,0.03748,0.03769,1147071.0
2025-06-24 10:00:00,0.03771,0.03804,0.03763,0.03803,876202.0
2025-06-24 10:30:00,0.03803,0.03813,0.03752,0.03766,974348.0
2025-06-24 11:00:00,0.03767,0.03773,0.037,0.03721,3154187.0
2025-06-24 11:30:00,0.03721,0.03751,0.03688,0.0371,2039190.0
2025-06-24 12:00:00,0.03712,0.03753,0.03705,0.03725,844910.0
2025-06-24 12:30:00,0.03721,0.03753,0.03718,0.03744,771941.0
2025-06-24 13:00:00,0.03743,0.03747,0.03708,0.0372,805497.0
2025-06-24 13:30:00,0.03719,0.03772,0.03707,0.03758,2204433.0
2025-06-24 14:00:00,0.03756,0.03806,0.03748,0.03803,2036990.0
2025-06-24 14:30:00,0.03803,0.03851,0.0376,0.03772,3582190.0
2025-06-24 15:00:00,0.03776,0.03799,0.0375,0.03783,900496.0
2025-06-24 15:30:00,0.03782,0.03829,0.03759,0.0381,1352196.0
2025-06-24 16:00:00,0.03804,0.03846,0.03782,0.03842,1158475.0
2025-06-24 16:30:00,0.03837,0.0388,0.03832,0.0387,1463649.0
2025-06-24 17:00:00,0.03868,0.03882,0.03812,0.03814,1012948.0
2025-06-24 17:30:00,0.03817,0.03828,0.03787,0.03801,1524091.0
2025-06-24 18:00:00,0.03802,0.0382,0.03752,0.03782,2418389.0
2025-06-24 18:30:00,0.03782,0.03783,0.03698,0.03713,3562664.0
2025-06-24 19:00:00,0.03715,0.03748,0.03712,0.03741,664037.0
2025-06-24 19:30:00,0.03737,0.03756,0.03727,0.03747,822516.0
2025-06-24 20:00:00,0.03746,0.03747,0.03711,0.03714,527198.0
2025-06-24 20:30:00,0.03715,0.03796,0.03715,0.03773,822053.0
2025-06-24 21:00:00,0.03776,0.03812,0.0374,0.03812,1662035.0
2025-06-24 21:30:00,0.0381,0.03868,0.03809,0.03857,824014.0
2025-06-24 22:00:00,0.03857,0.03876,0.03826,0.03831,796639.0
2025-06-24 22:30:00,0.0383,0.03841,0.03793,0.03806,559688.0
2025-06-24 23:00:00,0.03806,0.03825,0.03781,0.03806,488891.0
2025-06-24 23:30:00,0.03806,0.03837,0.0377,0.03837,661797.0
2025-06-25 00:00:00,0.03835,0.0394,0.03811,0.03853,3605068.0
2025-06-25 00:30:00,0.03852,0.03867,0.03797,0.03815,1670355.0
2025-06-25 01:00:00,0.03815,0.03815,0.03776,0.03792,767473.0
2025-06-25 01:30:00,0.03791,0.03834,0.0378,0.03806,1295091.0
2025-06-25 02:00:00,0.03803,0.03831,0.03768,0.03793,1606213.0
2025-06-25 02:30:00,0.03791,0.03836,0.03781,0.03803,572475.0
2025-06-25 03:00:00,0.03802,0.03831,0.0378,0.03814,1116108.0
2025-06-25 03:30:00,0.03814,0.03826,0.03786,0.03791,1765571.0
2025-06-25 04:00:00,0.0379,0.03793,0.03768,0.03791,1223642.0
2025-06-25 04:30:00,0.0379,0.03793,0.0372,0.03726,1920999.0
2025-06-25 05:00:00,0.03722,0.03746,0.03698,0.03727,829263.0
2025-06-25 05:30:00,0.03724,0.0373,0.03692,0.03693,624256.0
2025-06-25 06:00:00,0.03695,0.03715,0.03686,0.03707,844117.0
2025-06-25 06:30:00,0.03707,0.03732,0.03701,0.03732,661154.0
2025-06-25 07:00:00,0.03731,0.03731,0.03691,0.03707,872829.0
2025-06-25 07:30:00,0.03705,0.0372,0.03686,0.03713,517454.0
2025-06-25 08:00:00,0.03713,0.03716,0.03656,0.03661,739175.0
2025-06-25 08:30:00,0.03662,0.03666,0.03596,0.03629,1470174.0
2025-06-25 09:00:00,0.03633,0.03633,0.03611,0.03629,1357237.0
2025-06-25 09:30:00,0.03623,0.03638,0.03583,0.03601,1375551.0
2025-06-25 10:00:00,0.03604,0.03653,0.03596,0.03649,1570293.0
2025-06-25 10:30:00,0.03649,0.03668,0.03638,0.03662,1060161.0
2025-06-25 11:00:00,0.03661,0.03669,0.03642,0.03655,875221.0
2025-06-25 11:30:00,0.03656,0.0367,0.03647,0.03654,881053.0
2025-06-25 12:00:00,0.03651,0.03654,0.03621,0.03634,423942.0
2025-06-25 12:30:00,0.03634,0.03644,0.03614,0.0364,482220.0
2025-06-25 13:00:00,0.0364,0.03666,0.03614,0.03666,934448.0
2025-06-25 13:30:00,0.03664,0.03682,0.03636,0.03679,590223.0
2025-06-25 14:00:00,0.03674,0.03686,0.03605,0.03652,1985958.0
2025-06-25 14:30:00,0.03652,0.03726,0.03628,0.03671,2070311.0
2025-06-25 15:00:00,0.03674,0.03684,0.03628,0.03631,1188107.0
2025-06-25 15:30:00,0.03633,0.03644,0.03594,0.03597,1146330.0
2025-06-25 16:00:00,0.03599,0.03623,0.03548,0.03579,2803665.0
2025-06-25 16:30:00,0.0358,0.03797,0.03551,0.03726,8897549.0
2025-06-25 17:00:00,0.0372,0.0375,0.036,0.03632,10737323.0
2025-06-25 17:30:00,0.0363,0.03724,0.03579,0.03701,4204286.0
2025-06-25 18:00:00,0.03703,0.03703,0.0358,0.0361,5870359.0
2025-06-25 18:30:00,0.0361,0.03635,0.036,0.03609,950814.0
2025-06-25 19:00:00,0.03614,0.03647,0.03608,0.03635,854150.0
2025-06-25 19:30:00,0.03636,0.0364,0.03617,0.0363,165932.0
2025-06-25 20:00:00,0.03632,0.03643,0.03614,0.03623,502777.0
2025-06-25 20:30:00,0.03622,0.03639,0.03621,0.03634,304769.0
2025-06-25 21:00:00,0.03635,0.03663,0.03606,0.03606,860219.0
2025-06-25 21:30:00,0.03612,0.03623,0.03587,0.03592,538298.0
2025-06-25 22:00:00,0.03594,0.03624,0.03593,0.03612,322281.0
2025-06-25 22:30:00,0.03611,0.03611,0.03567,0.0358,494111.0
2025-06-25 23:00:00,0.03584,0.03596,0.03557,0.03575,319897.0
2025-06-25 23:30:00,0.03576,0.03595,0.03553,0.03591,340068.0
2025-06-26 00:00:00,0.03591,0.03617,0.03545,0.03572,1116425.0
2025-06-26 00:30:00,0.03573,0.03573,0.03549,0.03561,530111.0
2025-06-26 01:00:00,0.03561,0.03574,0.03528,0.0357,883388.0
2025-06-26 01:30:00,0.0357,0.03668,0.0355,0.03598,2289934.0
2025-06-26 02:00:00,0.03602,0.0365,0.03602,0.03631,520967.0
2025-06-26 02:30:00,0.03634,0.03666,0.03585,0.03645,1505327.0
2025-06-26 03:00:00,0.03642,0.03675,0.03611,0.03611,1232816.0
2025-06-26 03:30:00,0.03615,0.03623,0.03596,0.03607,290796.0
2025-06-26 04:00:00,0.03611,0.03615,0.03586,0.03592,769572.0
2025-06-26 04:30:00,0.0359,0.0361,0.03577,0.03606,750759.0
2025-06-26 05:00:00,0.03606,0.03623,0.03593,0.03598,320977.0
2025-06-26 05:30:00,0.03596,0.03602,0.03569,0.03588,449125.0
2025-06-26 06:00:00,0.03588,0.03627,0.03586,0.03599,280077.0
2025-06-26 06:30:00,0.03601,0.03612,0.03597,0.03602,225387.0
2025-06-26 07:00:00,0.03601,0.03611,0.03581,0.03602,472456.0
2025-06-26 07:30:00,0.03603,0.03625,0.0359,0.03605,195122.0
2025-06-26 08:00:00,0.03601,0.0362,0.03595,0.03606,414006.0
2025-06-26 08:30:00,0.03607,0.0362,0.0359,0.03595,566875.0
2025-06-26 09:00:00,0.03595,0.036,0.03555,0.03582,1377570.0
2025-06-26 09:30:00,0.03581,0.03584,0.03547,0.03557,440958.0
2025-06-26 10:00:00,0.03561,0.03563,0.03513,0.03531,1164140.0
2025-06-26 10:30:00,0.03534,0.03539,0.03473,0.03503,2133431.0
2025-06-26 11:00:00,0.03503,0.03509,0.03483,0.03503,457531.0
2025-06-26 11:30:00,0.03502,0.03524,0.03491,0.035,652664.0
2025-06-26 12:00:00,0.03496,0.03528,0.03486,0.03523,1077362.0
2025-06-26 12:30:00,0.03522,0.03533,0.03483,0.03491,1013901.0
2025-06-26 13:00:00,0.03495,0.03502,0.03479,0.03479,676146.0
2025-06-26 13:30:00,0.03482,0.03498,0.03458,0.0348,1174387.0
2025-06-26 14:00:00,0.03477,0.03494,0.03443,0.03493,1845705.0
2025-06-26 14:30:00,0.03493,0.036,0.03492,0.03549,4083007.0
2025-06-26 15:00:00,0.03547,0.03553,0.03487,0.03504,1456750.0
2025-06-26 15:30:00,0.03496,0.03543,0.03473,0.0352,1122497.0
2025-06-26 16:00:00,0.03524,0.03528,0.03459,0.03503,2473746.0
2025-06-26 16:30:00,0.03506,0.03506,0.03468,0.03484,563239.0
2025-06-26 17:00:00,0.03488,0.03506,0.03461,0.0348,1024720.0
2025-06-26 17:30:00,0.03479,0.03485,0.03454,0.03465,1065941.0
2025-06-26 18:00:00,0.0346,0.03513,0.03459,0.03475,1374025.0
2025-06-26 18:30:00,0.03476,0.0351,0.03454,0.03499,2416634.0
2025-06-26 19:00:00,0.03501,0.03581,0.03494,0.03577,1122570.0
2025-06-26 19:30:00,0.03575,0.03665,0.03575,0.03659,3353896.0
2025-06-26 20:00:00,0.03655,0.0376,0.03643,0.03748,5341621.0
2025-06-26 20:30:00,0.0375,0.0375,0.03664,0.03689,4198143.0
2025-06-26 21:00:00,0.03692,0.0371,0.03671,0.03691,906639.0
2025-06-26 21:30:00,0.0369,0.03736,0.03667,0.03725,1124589.0
2025-06-26 22:00:00,0.03722,0.03732,0.03659,0.03682,2852645.0
2025-06-26 22:30:00,0.03682,0.03689,0.03649,0.03665,602865.0
2025-06-26 23:00:00,0.03664,0.03698,0.03648,0.03669,1282620.0
2025-06-26 23:30:00,0.03664,0.03672,0.03634,0.03659,1033935.0
2025-06-27 00:00:00,0.03656,0.03678,0.03626,0.03636,1094056.0
2025-06-27 00:30:00,0.03633,0.03647,0.03624,0.03632,767530.0
2025-06-27 01:00:00,0.03631,0.03724,0.03594,0.03702,3135580.0
2025-06-27 01:30:00,0.03703,0.03714,0.03676,0.03696,879828.0
2025-06-27 02:00:00,0.03695,0.0378,0.03684,0.03764,2794288.0
2025-06-27 02:30:00,0.03765,0.03782,0.03705,0.03724,1505244.0
2025-06-27 03:00:00,0.03722,0.03728,0.037,0.03713,864033.0
2025-06-27 03:30:00,0.03712,0.03849,0.03689,0.03797,5962324.0
2025-06-27 04:00:00,0.03798,0.03902,0.03766,0.03813,7893646.0
2025-06-27 04:30:00,0.0381,0.03814,0.0372,0.03736,5215769.0
2025-06-27 05:00:00,0.03731,0.03776,0.03702,0.0373,1652664.0
2025-06-27 05:30:00,0.03726,0.03736,0.03692,0.03701,1237070.0
2025-06-27 06:00:00,0.03705,0.03714,0.03667,0.03707,1350085.0
2025-06-27 06:30:00,0.03705,0.03716,0.03685,0.03707,533708.0
2025-06-27 07:00:00,0.03702,0.03705,0.03667,0.03669,1536917.0
2025-06-27 07:30:00,0.03669,0.03687,0.03657,0.03665,1127592.0
2025-06-27 08:00:00,0.03667,0.0372,0.03665,0.03665,2077031.0
2025-06-27 08:30:00,0.03666,0.03687,0.03657,0.03676,1013446.0
2025-06-27 09:00:00,0.03677,0.03681,0.03634,0.03636,2664279.0
2025-06-27 09:30:00,0.03641,0.03677,0.03633,0.03658,1795315.0
2025-06-27 10:00:00,0.03655,0.03678,0.03645,0.03674,1470590.0
2025-06-27 10:30:00,0.03672,0.03699,0.03643,0.03648,1410257.0
2025-06-27 11:00:00,0.03649,0.03677,0.03636,0.03648,2961131.0
2025-06-27 11:30:00,0.03649,0.03664,0.03592,0.03612,3752188.0
2025-06-27 12:00:00,0.03616,0.03619,0.03589,0.03597,1610367.0
2025-06-27 12:30:00,0.03598,0.03615,0.03562,0.03576,1823370.0
2025-06-27 13:00:00,0.03574,0.03603,0.0357,0.03571,1413873.0
2025-06-27 13:30:00,0.03573,0.03641,0.03565,0.0362,2239787.0
2025-06-27 14:00:00,0.03618,0.03665,0.03609,0.03637,2312389.0
2025-06-27 14:30:00,0.03635,0.03665,0.03627,0.03643,1238475.0
2025-06-27 15:00:00,0.03637,0.03658,0.03611,0.03634,1143464.0
2025-06-27 15:30:00,0.03634,0.03657,0.03622,0.0365,943176.0
2025-06-27 16:00:00,0.03645,0.03733,0.03645,0.03722,3070787.0
2025-06-27 16:30:00,0.03721,0.03772,0.03712,0.03722,3135087.0
2025-06-27 17:00:00,0.03721,0.038,0.037,0.03737,6722861.0
2025-06-27 17:30:00,0.03732,0.03755,0.03673,0.03713,3220863.0
2025-06-27 18:00:00,0.03713,0.03741,0.03686,0.0369,1443997.0
2025-06-27 18:30:00,0.03691,0.03711,0.03657,0.03706,1902687.0
2025-06-27 19:00:00,0.03704,0.03739,0.03685,0.03685,1167492.0
2025-06-27 19:30:00,0.0369,0.03695,0.0365,0.03677,2395361.0
2025-06-27 20:00:00,0.03673,0.03681,0.03659,0.03679,511663.0
2025-06-27 20:30:00,0.0368,0.0371,0.03676,0.03704,624125.0
2025-06-27 21:00:00,0.03708,0.03747,0.037,0.03718,1109203.0
2025-06-27 21:30:00,0.03719,0.03735,0.03681,0.03712,2221384.0
2025-06-27 22:00:00,0.03712,0.03741,0.03711,0.0374,323479.0
2025-06-27 22:30:00,0.03738,0.0377,0.03729,0.03758,715228.0
2025-06-27 23:00:00,0.03754,0.0376,0.03733,0.03747,724319.0
2025-06-27 23:30:00,0.03748,0.03784,0.03748,0.03774,410390.0
2025-06-28 00:00:00,0.03772,0.03813,0.03751,0.03762,1999881.0
2025-06-28 00:30:00,0.03759,0.0378,0.03742,0.0378,902559.0
2025-06-28 01:00:00,0.03776,0.03813,0.03741,0.03805,988969.0
2025-06-28 01:30:00,0.0381,0.03954,0.03797,0.0389,6147872.0
2025-06-28 02:00:00,0.03894,0.03913,0.03799,0.03866,3773094.0
2025-06-28 02:30:00,0.03863,0.03868,0.03812,0.03831,1048309.0
2025-06-28 03:00:00,0.03829,0.03858,0.038,0.03825,989217.0
2025-06-28 03:30:00,0.03827,0.03829,0.03771,0.03802,2399044.0
2025-06-28 04:00:00,0.03802,0.03813,0.03753,0.03803,2333344.0
2025-06-28 04:30:00,0.03798,0.03841,0.03779,0.03827,1136272.0
2025-06-28 05:00:00,0.03826,0.03827,0.03768,0.03781,1321795.0
2025-06-28 05:30:00,0.03778,0.03802,0.03766,0.03795,590340.0
2025-06-28 06:00:00,0.03797,0.03837,0.0379,0.03823,1009953.0
2025-06-28 06:30:00,0.0382,0.03856,0.03816,0.03827,1039236.0
2025-06-28 07:00:00,0.03825,0.0386,0.03815,0.03842,663473.0
2025-06-28 07:30:00,0.03842,0.03842,0.03813,0.03828,1080054.0
2025-06-28 08:00:00,0.03829,0.03849,0.03797,0.03843,855216.0
2025-06-28 08:30:00,0.03844,0.03876,0.03823,0.03875,1459870.0
2025-06-28 09:00:00,0.03872,0.03908,0.03857,0.03869,2894703.0
2025-06-28 09:30:00,0.03869,0.0389,0.03858,0.0388,1275386.0
2025-06-28 10:00:00,0.03878,0.03904,0.03834,0.03889,2683270.0
2025-06-28 10:30:00,0.03887,0.03934,0.03858,0.03889,2881398.0
2025-06-28 11:00:00,0.03887,0.03898,0.03861,0.03879,781380.0
2025-06-28 11:30:00,0.03884,0.0389,0.03836,0.03851,1145036.0
2025-06-28 12:00:00,0.03848,0.03885,0.03847,0.03871,1079115.0
2025-06-28 12:30:00,0.03867,0.03909,0.03853,0.0388,1875194.0
2025-06-28 13:00:00,0.03879,0.03917,0.03841,0.03856,1852626.0
2025-06-28 13:30:00,0.03855,0.03858,0.03817,0.03843,1819679.0
2025-06-28 14:00:00,0.03839,0.03841,0.03809,0.03823,1198180.0
2025-06-28 14:30:00,0.03819,0.03821,0.03745,0.03782,3106354.0
2025-06-28 15:00:00,0.03786,0.03787,0.03747,0.03768,818021.0
2025-06-28 15:30:00,0.03765,0.03807,0.03763,0.03801,940917.0
2025-06-28 16:00:00,0.03804,0.03818,0.03752,0.03762,1368952.0
2025-06-28 16:30:00,0.03761,0.03781,0.03742,0.03761,1124975.0
2025-06-28 17:00:00,0.0376,0.03764,0.03708,0.03715,937795.0
2025-06-28 17:30:00,0.03717,0.03746,0.03708,0.03738,798883.0
2025-06-28 18:00:00,0.03738,0.03742,0.03704,0.03716,858474.0
2025-06-28 18:30:00,0.03716,0.03725,0.03686,0.0371,1298324.0
2025-06-28 19:00:00,0.03711,0.0375,0.03709,0.03727,897149.0
2025-06-28 19:30:00,0.03726,0.0373,0.03715,0.0372,233017.0
2025-06-28 20:00:00,0.03721,0.03789,0.03718,0.03758,1738697.0
2025-06-28 20:30:00,0.03761,0.03789,0.03731,0.03777,1123558.0
2025-06-28 21:00:00,0.0378,0.03835,0.03777,0.03823,1501597.0
2025-06-28 21:30:00,0.03823,0.03842,0.03793,0.03826,719697.0
2025-06-28 22:00:00,0.03825,0.03854,0.03817,0.03849,941202.0
2025-06-28 22:30:00,0.03848,0.0385,0.03767,0.03778,1250832.0
2025-06-28 23:00:00,0.03778,0.03812,0.03772,0.03809,485611.0
2025-06-28 23:30:00,0.0381,0.03818,0.03789,0.03794,312215.0
2025-06-29 00:00:00,0.03794,0.03847,0.03785,0.03827,1128827.0
2025-06-29 00:30:00,0.03826,0.03832,0.03815,0.03825,98032.0
2025-06-29 01:00:00,0.03825,0.03828,0.03792,0.03798,988177.0
2025-06-29 01:30:00,0.03798,0.03842,0.03795,0.03827,805938.0
2025-06-29 02:00:00,0.03827,0.03844,0.03803,0.03841,1127215.0
2025-06-29 02:30:00,0.03844,0.03858,0.03828,0.03829,474839.0
2025-06-29 03:00:00,0.0383,0.03851,0.03817,0.03845,458227.0
2025-06-29 03:30:00,0.03841,0.03935,0.03822,0.03864,4107299.0
2025-06-29 04:00:00,0.03864,0.03869,0.03793,0.03793,877097.0
2025-06-29 04:30:00,0.038,0.03847,0.03789,0.03837,1563103.0
2025-06-29 05:00:00,0.03837,0.0384,0.03784,0.03796,1059248.0
2025-06-29 05:30:00,0.03795,0.03798,0.03724,0.03766,2171020.0
2025-06-29 06:00:00,0.03764,0.03782,0.03744,0.03753,811282.0
2025-06-29 06:30:00,0.03754,0.03794,0.0375,0.03794,894333.0
2025-06-29 07:00:00,0.03788,0.03847,0.03787,0.03818,1247112.0
2025-06-29 07:30:00,0.03824,0.03857,0.0382,0.03851,752827.0
2025-06-29 08:00:00,0.03851,0.03905,0.03834,0.03879,2315965.0
2025-06-29 08:30:00,0.03881,0.03908,0.03851,0.03899,1796607.0
2025-06-29 09:00:00,0.039,0.039,0.0381,0.03829,2464630.0
2025-06-29 09:30:00,0.03831,0.03915,0.03826,0.03894,2292776.0
2025-06-29 10:00:00,0.03894,0.03908,0.03852,0.03872,988450.0
2025-06-29 10:30:00,0.0387,0.03874,0.03838,0.03838,908774.0
2025-06-29 11:00:00,0.03846,0.03862,0.03837,0.03847,419787.0
2025-06-29 11:30:00,0.03847,0.03864,0.03831,0.03831,427115.0
2025-06-29 12:00:00,0.0383,0.03844,0.03825,0.0384,659328.0
2025-06-29 12:30:00,0.03837,0.03865,0.03814,0.03829,1308726.0
2025-06-29 13:00:00,0.03832,0.03855,0.03828,0.03849,443434.0
2025-06-29 13:30:00,0.03848,0.03855,0.03822,0.03846,792248.0
2025-06-29 14:00:00,0.03847,0.03871,0.03838,0.03844,704733.0
2025-06-29 14:30:00,0.03844,0.03846,0.03814,0.03823,1361575.0
2025-06-29 15:00:00,0.03822,0.03823,0.0376,0.03805,2185747.0
2025-06-29 15:30:00,0.03803,0.03868,0.03798,0.03835,1797312.0
2025-06-29 16:00:00,0.03836,0.0387,0.03814,0.03859,739313.0
2025-06-29 16:30:00,0.03856,0.03894,0.03831,0.03892,965204.0
2025-06-29 17:00:00,0.03889,0.03945,0.03855,0.03933,3121267.0
2025-06-29 17:30:00,0.03933,0.03991,0.0392,0.03928,4420731.0
2025-06-29 18:00:00,0.03927,0.03927,0.0384,0.03857,2498323.0
2025-06-29 18:30:00,0.03853,0.03911,0.03847,0.03898,1052499.0
2025-06-29 19:00:00,0.03893,0.03932,0.03875,0.03927,569813.0
2025-06-29 19:30:00,0.03927,0.03928,0.0388,0.03902,1094008.0
2025-06-29 20:00:00,0.03904,0.03922,0.0388,0.03889,652582.0
2025-06-29 20:30:00,0.03892,0.039,0.0388,0.03889,202101.0
2025-06-29 21:00:00,0.03888,0.039,0.03858,0.03876,827863.0
2025-06-29 21:30:00,0.03877,0.03896,0.03868,0.03892,263101.0
2025-06-29 22:00:00,0.03895,0.04002,0.03895,0.03993,1416725.0
2025-06-29 22:30:00,0.03996,0.04,0.03952,0.03988,1495080.0
2025-06-29 23:00:00,0.0399,0.04091,0.03977,0.04086,4282955.0
2025-06-29 23:30:00,0.04082,0.04138,0.04044,0.0411,4402073.0
2025-06-30 00:00:00,0.04111,0.04167,0.04081,0.04141,3489106.0
2025-06-30 00:30:00,0.04142,0.04142,0.04057,0.0408,950317.0
2025-06-30 01:00:00,0.0408,0.0408,0.03975,0.03997,2890574.0
2025-06-30 01:30:00,0.03994,0.04046,0.03983,0.04012,1415741.0
2025-06-30 02:00:00,0.04012,0.04068,0.04011,0.04031,2038357.0
2025-06-30 02:30:00,0.04031,0.04032,0.03967,0.03989,1880447.0
2025-06-30 03:00:00,0.03989,0.04007,0.03969,0.03979,1233759.0
2025-06-30 03:30:00,0.03976,0.03983,0.03928,0.03966,2067855.0
2025-06-30 04:00:00,0.03969,0.03984,0.03928,0.0397,739380.0
2025-06-30 04:30:00,0.03965,0.03971,0.03916,0.03951,1436201.0
2025-06-30 05:00:00,0.03953,0.03959,0.03918,0.03924,1403639.0
2025-06-30 05:30:00,0.03924,0.03948,0.03893,0.03941,1323567.0
2025-06-30 06:00:00,0.03944,0.03962,0.03921,0.0394,954969.0
2025-06-30 06:30:00,0.03939,0.03945,0.03886,0.03898,2518478.0
2025-06-30 07:00:00,0.03901,0.03987,0.03895,0.03958,2153647.0
2025-06-30 07:30:00,0.03961,0.03973,0.03943,0.03968,553447.0
2025-06-30 08:00:00,0.03971,0.03995,0.0392,0.03952,1868393.0
2025-06-30 08:30:00,0.03951,0.0399,0.03899,0.03908,1958827.0
2025-06-30 09:00:00,0.03908,0.03929,0.03886,0.03896,1652308.0
2025-06-30 09:30:00,0.03899,0.03899,0.03777,0.03832,5231111.0
2025-06-30 10:00:00,0.03835,0.03867,0.03814,0.03863,1330311.0
2025-06-30 10:30:00,0.0386,0.03882,0.03838,0.03853,1252636.0
2025-06-30 11:00:00,0.03855,0.03877,0.03845,0.03861,390275.0
2025-06-30 11:30:00,0.03862,0.03904,0.03855,0.0389,1611174.0
2025-06-30 12:00:00,0.0389,0.03939,0.03873,0.03924,2471528.0
2025-06-30 12:30:00,0.03923,0.03931,0.03865,0.03908,1386969.0
2025-06-30 13:00:00,0.03906,0.03964,0.03906,0.03945,1358875.0
2025-06-30 13:30:00,0.03947,0.03966,0.03927,0.03943,2005081.0
2025-06-30 14:00:00,0.03949,0.03952,0.03875,0.03893,1603989.0
2025-06-30 14:30:00,0.03894,0.03958,0.03889,0.03908,1631433.0
2025-06-30 15:00:00,0.03908,0.03964,0.0388,0.0395,1402315.0
2025-06-30 15:30:00,0.03953,0.03991,0.03894,0.03912,1880174.0
2025-06-30 16:00:00,0.03912,0.03912,0.03838,0.03885,2122336.0
2025-06-30 16:30:00,0.03884,0.03896,0.0386,0.03885,1243425.0
2025-06-30 17:00:00,0.03886,0.03928,0.03885,0.03908,824971.0
2025-06-30 17:30:00,0.03908,0.03918,0.03884,0.03889,1149209.0
2025-06-30 18:00:00,0.03889,0.0391,0.03853,0.03897,1286469.0
2025-06-30 18:30:00,0.03891,0.03893,0.03836,0.03845,621065.0
2025-06-30 19:00:00,0.03845,0.03894,0.03843,0.03877,370753.0
2025-06-30 19:30:00,0.03877,0.03888,0.03864,0.03878,285244.0
2025-06-30 20:00:00,0.03874,0.03882,0.0386,0.03873,251395.0
2025-06-30 20:30:00,0.03875,0.03884,0.03846,0.03857,432372.0
2025-06-30 21:00:00,0.03853,0.03864,0.03837,0.0386,306954.0
2025-06-30 21:30:00,0.0386,0.03884,0.03774,0.03812,1356449.0
2025-06-30 22:00:00,0.03812,0.03825,0.03789,0.0382,820695.0
2025-06-30 22:30:00,0.03825,0.03843,0.03799,0.03816,933592.0
2025-06-30 23:00:00,0.03816,0.03832,0.03803,0.03832,450397.0
2025-06-30 23:30:00,0.03832,0.03837,0.03811,0.03832,379169.0
2025-07-01 00:00:00,0.03832,0.03832,0.03792,0.03808,539493.0
2025-07-01 00:30:00,0.03808,0.03809,0.03765,0.03781,1064586.0
2025-07-01 01:00:00,0.03784,0.03795,0.03756,0.0377,871600.0
2025-07-01 01:30:00,0.03772,0.03794,0.03711,0.03736,2723400.0
2025-07-01 02:00:00,0.03738,0.03763,0.03722,0.03759,592583.0
2025-07-01 02:30:00,0.03759,0.03779,0.03737,0.03743,1425621.0
2025-07-01 03:00:00,0.03743,0.03773,0.03726,0.03766,751353.0
2025-07-01 03:30:00,0.03766,0.03766,0.03729,0.03739,781217.0
2025-07-01 04:00:00,0.03735,0.0375,0.03723,0.03728,810965.0
2025-07-01 04:30:00,0.0373,0.03745,0.03718,0.03718,420247.0
2025-07-01 05:00:00,0.03723,0.03735,0.03715,0.03718,866289.0
2025-07-01 05:30:00,0.03717,0.03731,0.03701,0.03713,1036221.0
2025-07-01 06:00:00,0.03714,0.03734,0.03647,0.03713,3754855.0
2025-07-01 06:30:00,0.03713,0.03752,0.03708,0.0373,962149.0
2025-07-01 07:00:00,0.03731,0.03734,0.03668,0.03699,654571.0
2025-07-01 07:30:00,0.03702,0.0371,0.03638,0.03669,3972942.0
2025-07-01 08:00:00,0.03669,0.03673,0.0363,0.03645,1527271.0
2025-07-01 08:30:00,0.03648,0.0369,0.03629,0.03684,1112131.0
2025-07-01 09:00:00,0.03685,0.03687,0.03657,0.03674,784541.0
2025-07-01 09:30:00,0.03671,0.03675,0.03638,0.03657,1029846.0
2025-07-01 10:00:00,0.03656,0.03749,0.03642,0.0373,5382854.0
2025-07-01 10:30:00,0.03731,0.03743,0.03701,0.03741,2019003.0
2025-07-01 11:00:00,0.03736,0.0374,0.03689,0.03694,1328952.0
2025-07-01 11:30:00,0.03694,0.03707,0.03691,0.03702,441386.0
2025-07-01 12:00:00,0.037,0.03706,0.0368,0.03689,399798.0
2025-07-01 12:30:00,0.03689,0.03695,0.03665,0.03691,394434.0
2025-07-01 13:00:00,0.03691,0.037,0.03682,0.03697,317337.0
2025-07-01 13:30:00,0.03696,0.03763,0.03685,0.03738,2286490.0
2025-07-01 14:00:00,0.0374,0.03761,0.03712,0.03716,1126612.0
2025-07-01 14:30:00,0.03717,0.03759,0.03705,0.03753,707525.0
2025-07-01 15:00:00,0.03755,0.03755,0.03701,0.0371,674999.0
2025-07-01 15:30:00,0.03712,0.03725,0.03692,0.03717,712081.0
2025-07-01 16:00:00,0.03721,0.03762,0.03709,0.03754,1926402.0
2025-07-01 16:30:00,0.03754,0.03756,0.03726,0.0373,566269.0
2025-07-01 17:00:00,0.03732,0.03735,0.03695,0.03701,650819.0
2025-07-01 17:30:00,0.03701,0.03709,0.0369,0.03698,497438.0
2025-07-01 18:00:00,0.03698,0.0371,0.03643,0.03672,1568267.0
2025-07-01 18:30:00,0.03672,0.03687,0.03655,0.03674,996107.0
2025-07-01 19:00:00,0.0367,0.03734,0.0367,0.03711,589041.0
2025-07-01 19:30:00,0.03713,0.03751,0.03704,0.03748,645194.0
2025-07-01 20:00:00,0.03745,0.03758,0.0373,0.03735,489587.0
2025-07-01 20:30:00,0.03733,0.03747,0.03716,0.03735,325624.0
2025-07-01 21:00:00,0.03735,0.03737,0.03691,0.03734,389475.0
2025-07-01 21:30:00,0.03732,0.03752,0.03719,0.03743,200283.0
2025-07-01 22:00:00,0.03743,0.03743,0.03714,0.03715,254090.0
2025-07-01 22:30:00,0.03716,0.03728,0.03711,0.03711,234177.0
2025-07-01 23:00:00,0.0371,0.0371,0.03682,0.0369,518878.0
2025-07-01 23:30:00,0.03691,0.03713,0.03691,0.03705,198840.0
2025-07-02 00:00:00,0.03703,0.03743,0.03693,0.03699,1621655.0
2025-07-02 00:30:00,0.03699,0.03701,0.03661,0.03669,725377.0
2025-07-02 01:00:00,0.03669,0.03674,0.0364,0.03668,425109.0
2025-07-02 01:30:00,0.03672,0.03732,0.0367,0.03717,1046562.0
2025-07-02 02:00:00,0.03716,0.03734,0.03687,0.03723,1259975.0
2025-07-02 02:30:00,0.03722,0.03735,0.03678,0.03692,771098.0
2025-07-02 03:00:00,0.03695,0.03727,0.03692,0.03707,591058.0
2025-07-02 03:30:00,0.03704,0.03709,0.03667,0.0367,1249312.0
2025-07-02 04:00:00,0.03673,0.03696,0.03666,0.03693,467119.0
2025-07-02 04:30:00,0.03695,0.03736,0.0369,0.03735,774776.0
2025-07-02 05:00:00,0.03735,0.03921,0.03727,0.03848,12015260.0
2025-07-02 05:30:00,0.03849,0.03909,0.03809,0.03873,5438996.0
2025-07-02 06:00:00,0.03875,0.03913,0.03829,0.03862,4045609.0
2025-07-02 06:30:00,0.03866,0.03893,0.03849,0.03885,1880270.0
2025-07-02 07:00:00,0.03885,0.03893,0.03835,0.03853,1696431.0
2025-07-02 07:30:00,0.03849,0.0388,0.0383,0.03847,1263636.0
2025-07-02 08:00:00,0.03847,0.0386,0.03818,0.03827,1237218.0
2025-07-02 08:30:00,0.03827,0.03899,0.03825,0.03882,953720.0
2025-07-02 09:00:00,0.0388,0.03888,0.03832,0.03844,1198337.0
2025-07-02 09:30:00,0.03844,0.03872,0.03832,0.0384,1158148.0
2025-07-02 10:00:00,0.03837,0.03867,0.03821,0.03859,944426.0
2025-07-02 10:30:00,0.03859,0.0389,0.03847,0.03864,1398551.0
2025-07-02 11:00:00,0.03864,0.04032,0.03835,0.0393,5570783.0
2025-07-02 11:30:00,0.03931,0.03978,0.03877,0.03904,3813855.0
2025-07-02 12:00:00,0.03904,0.0393,0.03825,0.03841,2464661.0
2025-07-02 12:30:00,0.03841,0.03843,0.03754,0.03817,2950058.0
2025-07-02 13:00:00,0.03817,0.03856,0.03812,0.03829,1330087.0
2025-07-02 13:30:00,0.03825,0.03863,0.03806,0.03836,1494233.0
2025-07-02 14:00:00,0.03836,0.03864,0.03818,0.03859,1330160.0
2025-07-02 14:30:00,0.03857,0.03864,0.03823,0.03843,868579.0
2025-07-02 15:00:00,0.0384,0.0398,0.03806,0.03852,2758284.0
2025-07-02 15:30:00,0.03852,0.03864,0.03836,0.03848,645139.0
2025-07-02 16:00:00,0.03848,0.03917,0.03841,0.03883,1131221.0
2025-07-02 16:30:00,0.03887,0.0394,0.03874,0.03919,1117508.0
2025-07-02 17:00:00,0.0392,0.03944,0.03891,0.0393,1129602.0
2025-07-02 17:30:00,0.03929,0.03943,0.03901,0.03922,1368744.0
2025-07-02 18:00:00,0.0392,0.03933,0.03871,0.0389,1177846.0
2025-07-02 18:30:00,0.03893,0.03926,0.03885,0.03919,425611.0
2025-07-02 19:00:00,0.03918,0.03932,0.03878,0.03914,770032.0
2025-07-02 19:30:00,0.03918,0.03928,0.03892,0.0391,307542.0
2025-07-02 20:00:00,0.03912,0.03912,0.03891,0.03904,477941.0
2025-07-02 20:30:00,0.03906,0.0392,0.039,0.03916,208890.0
2025-07-02 21:00:00,0.0392,0.03932,0.039,0.03908,294836.0
2025-07-02 21:30:00,0.03909,0.03953,0.03902,0.03942,576054.0
2025-07-02 22:00:00,0.03945,0.0398,0.03921,0.03944,686672.0
2025-07-02 22:30:00,0.03943,0.03974,0.0394,0.03956,1428415.0
2025-07-02 23:00:00,0.03956,0.03956,0.03935,0.03937,435753.0
2025-07-02 23:30:00,0.03938,0.0395,0.03904,0.03918,623609.0
2025-07-03 00:00:00,0.03923,0.03948,0.03905,0.03924,544451.0
2025-07-03 00:30:00,0.03924,0.03948,0.03915,0.03937,491061.0
2025-07-03 01:00:00,0.03936,0.03947,0.03911,0.03944,257746.0
2025-07-03 01:30:00,0.03942,0.03953,0.03908,0.03911,981386.0
2025-07-03 02:00:00,0.03911,0.03918,0.03806,0.03869,2986957.0
2025-07-03 02:30:00,0.03864,0.03874,0.03841,0.03852,774703.0
2025-07-03 03:00:00,0.03853,0.03881,0.03846,0.03871,742948.0
2025-07-03 03:30:00,0.03873,0.03877,0.03857,0.03874,623342.0
2025-07-03 04:00:00,0.03874,0.03893,0.03865,0.03881,674282.0
2025-07-03 04:30:00,0.03884,0.03898,0.03866,0.03892,241824.0
2025-07-03 05:00:00,0.03892,0.0391,0.03886,0.039,482097.0
2025-07-03 05:30:00,0.03901,0.03926,0.03897,0.03913,573210.0
2025-07-03 06:00:00,0.03915,0.03951,0.03915,0.03946,622487.0
2025-07-03 06:30:00,0.03945,0.0397,0.03926,0.03932,1254143.0
2025-07-03 07:00:00,0.03933,0.03952,0.03921,0.03926,599728.0
2025-07-03 07:30:00,0.03923,0.03933,0.03907,0.03923,464001.0
2025-07-03 08:00:00,0.03927,0.03944,0.03922,0.03938,260975.0
2025-07-03 08:30:00,0.03937,0.03963,0.03898,0.03928,3040471.0
2025-07-03 09:00:00,0.03927,0.03942,0.03917,0.03932,688790.0
2025-07-03 09:30:00,0.03934,0.03948,0.03906,0.03926,1089218.0
2025-07-03 10:00:00,0.03926,0.03926,0.03894,0.03894,455446.0
2025-07-03 10:30:00,0.03894,0.03902,0.03879,0.03883,556386.0
2025-07-03 11:00:00,0.03885,0.03911,0.03877,0.03904,707133.0
2025-07-03 11:30:00,0.03903,0.03932,0.03882,0.03893,1710978.0
2025-07-03 12:00:00,0.03895,0.03917,0.0387,0.03908,2006479.0
2025-07-03 12:30:00,0.03911,0.03917,0.0386,0.03913,1344290.0
2025-07-03 13:00:00,0.03915,0.03931,0.03907,0.03918,1941243.0
2025-07-03 13:30:00,0.03919,0.03941,0.03918,0.03931,960527.0
2025-07-03 14:00:00,0.03931,0.03941,0.03891,0.03897,1261917.0
2025-07-03 14:30:00,0.03896,0.03907,0.03878,0.03878,748997.0
2025-07-03 15:00:00,0.03882,0.03883,0.03808,0.03831,3129684.0
2025-07-03 15:30:00,0.03828,0.03832,0.03766,0.03776,1617326.0
2025-07-03 16:00:00,0.03776,0.03817,0.03775,0.038,928388.0
2025-07-03 16:30:00,0.03798,0.03806,0.03778,0.03789,399937.0
2025-07-03 17:00:00,0.03788,0.03793,0.03779,0.03783,250575.0
2025-07-03 17:30:00,0.03783,0.03802,0.03777,0.03785,581057.0
2025-07-03 18:00:00,0.03789,0.03801,0.03758,0.03776,813478.0
2025-07-03 18:30:00,0.03779,0.03779,0.03758,0.03771,328474.0
2025-07-03 19:00:00,0.03768,0.03791,0.03767,0.03791,295049.0
2025-07-03 19:30:00,0.03786,0.0382,0.03775,0.03816,500091.0
2025-07-03 20:00:00,0.0382,0.03842,0.0382,0.03829,512429.0
2025-07-03 20:30:00,0.03831,0.03851,0.03826,0.03828,244595.0
2025-07-03 21:00:00,0.03828,0.0384,0.03815,0.03833,153722.0
2025-07-03 21:30:00,0.03834,0.03864,0.03817,0.03857,477320.0
2025-07-03 22:00:00,0.03859,0.03874,0.03846,0.03865,349750.0
2025-07-03 22:30:00,0.03866,0.03879,0.03847,0.03861,982721.0
2025-07-03 23:00:00,0.03861,0.03868,0.0383,0.0384,322090.0
2025-07-03 23:30:00,0.03841,0.03852,0.03823,0.03838,488294.0
2025-07-04 00:00:00,0.03834,0.03835,0.03774,0.03776,1790279.0
2025-07-04 00:30:00,0.03777,0.0381,0.03776,0.03804,1000463.0
2025-07-04 01:00:00,0.03805,0.03823,0.03786,0.03803,390447.0
2025-07-04 01:30:00,0.03804,0.03818,0.03793,0.03795,244339.0
2025-07-04 02:00:00,0.03794,0.03796,0.03753,0.03779,2022423.0
2025-07-04 02:30:00,0.03777,0.03777,0.03734,0.03751,630485.0
2025-07-04 03:00:00,0.0375,0.03753,0.03729,0.03739,734762.0
2025-07-04 03:30:00,0.0374,0.03754,0.03731,0.03736,313198.0
2025-07-04 04:00:00,0.03737,0.03764,0.03724,0.03752,625196.0
2025-07-04 04:30:00,0.0375,0.0375,0.03735,0.03746,319916.0
2025-07-04 05:00:00,0.03744,0.03754,0.03734,0.0375,338945.0
2025-07-04 05:30:00,0.03747,0.03755,0.03732,0.03747,260218.0
2025-07-04 06:00:00,0.03742,0.0375,0.03707,0.03716,1105395.0
2025-07-04 06:30:00,0.03713,0.03728,0.03711,0.03722,299015.0
2025-07-04 07:00:00,0.03721,0.03752,0.03707,0.03718,1106595.0
2025-07-04 07:30:00,0.03721,0.03722,0.03676,0.03691,1299190.0
2025-07-04 08:00:00,0.03691,0.03691,0.03648,0.03674,1344961.0
2025-07-04 08:30:00,0.03674,0.03722,0.03672,0.03718,1083802.0
2025-07-04 09:00:00,0.03718,0.03741,0.03717,0.0373,798015.0
2025-07-04 09:30:00,0.03733,0.03735,0.03707,0.03709,585442.0
2025-07-04 10:00:00,0.03709,0.03722,0.037,0.03714,359064.0
2025-07-04 10:30:00,0.03714,0.03719,0.037,0.03706,210086.0
2025-07-04 11:00:00,0.03705,0.03742,0.03698,0.03738,671040.0
2025-07-04 11:30:00,0.03737,0.03771,0.03737,0.0376,596735.0
2025-07-04 12:00:00,0.03759,0.03784,0.03752,0.03778,636629.0
2025-07-04 12:30:00,0.03779,0.03785,0.0375,0.03772,694037.0
2025-07-04 13:00:00,0.03772,0.03776,0.03735,0.03736,828949.0
2025-07-04 13:30:00,0.0374,0.03754,0.03723,0.03741,973168.0
2025-07-04 14:00:00,0.03743,0.03754,0.03668,0.03696,1339171.0
2025-07-04 14:30:00,0.03699,0.03702,0.03667,0.03692,696337.0
2025-07-04 15:00:00,0.03692,0.03772,0.03692,0.03705,2633129.0
2025-07-04 15:30:00,0.03708,0.03713,0.03689,0.03697,549225.0
2025-07-04 16:00:00,0.03697,0.03716,0.03678,0.03694,668699.0
2025-07-04 16:30:00,0.03692,0.03718,0.03679,0.0369,1127274.0
2025-07-04 17:00:00,0.0369,0.03701,0.0368,0.03682,429870.0
2025-07-04 17:30:00,0.03681,0.03706,0.03679,0.037,442954.0
2025-07-04 18:00:00,0.03699,0.03712,0.03689,0.03697,206361.0
2025-07-04 18:30:00,0.03695,0.03715,0.03692,0.03709,120430.0
2025-07-04 19:00:00,0.0371,0.03722,0.03676,0.03676,628011.0
2025-07-04 19:30:00,0.03678,0.03692,0.03676,0.03685,234021.0
2025-07-04 20:00:00,0.03685,0.03699,0.03677,0.03681,470702.0
2025-07-04 20:30:00,0.0368,0.03694,0.03678,0.03692,156820.0
2025-07-04 21:00:00,0.03691,0.03702,0.03675,0.03691,264549.0
2025-07-04 21:30:00,0.03701,0.03702,0.03675,0.03683,329398.0
2025-07-04 22:00:00,0.03682,0.03705,0.0368,0.03699,448508.0
2025-07-04 22:30:00,0.03695,0.03707,0.03672,0.0368,870625.0
2025-07-04 23:00:00,0.03678,0.03681,0.0366,0.03661,326825.0
2025-07-04 23:30:00,0.03662,0.03668,0.03638,0.03646,616192.0
2025-07-05 00:00:00,0.03645,0.03805,0.03645,0.03744,7202057.0
2025-07-05 00:30:00,0.03746,0.03757,0.03709,0.03722,1135993.0
2025-07-05 01:00:00,0.03719,0.03735,0.037,0.03702,387332.0
2025-07-05 01:30:00,0.03701,0.03734,0.03691,0.03713,766790.0
2025-07-05 02:00:00,0.03712,0.03717,0.03688,0.03699,1082725.0
2025-07-05 02:30:00,0.03698,0.03724,0.03682,0.03719,548507.0
2025-07-05 03:00:00,0.03721,0.03764,0.03721,0.03733,967231.0
2025-07-05 03:30:00,0.03733,0.03753,0.03725,0.03737,477777.0
2025-07-05 04:00:00,0.03736,0.03742,0.03709,0.03732,427030.0
2025-07-05 04:30:00,0.03731,0.03733,0.03705,0.03705,151498.0
2025-07-05 05:00:00,0.03708,0.03712,0.03691,0.03707,470554.0
2025-07-05 05:30:00,0.03711,0.03737,0.03698,0.03737,513448.0
2025-07-05 06:00:00,0.03735,0.0375,0.03716,0.03742,842735.0
2025-07-05 06:30:00,0.03745,0.03754,0.03714,0.03744,3283033.0
2025-07-05 07:00:00,0.03741,0.03752,0.03731,0.03746,372877.0
2025-07-05 07:30:00,0.03748,0.03749,0.03739,0.03741,216910.0
2025-07-05 08:00:00,0.03745,0.03751,0.03712,0.03724,645166.0
2025-07-05 08:30:00,0.03726,0.03748,0.03697,0.03732,1598323.0
2025-07-05 09:00:00,0.0373,0.0373,0.0371,0.03714,495345.0
2025-07-05 09:30:00,0.03713,0.03745,0.03711,0.0374,505254.0
2025-07-05 10:00:00,0.0374,0.03758,0.03732,0.03743,674669.0
2025-07-05 10:30:00,0.03743,0.0376,0.03739,0.03756,791274.0
2025-07-05 11:00:00,0.03757,0.03784,0.03744,0.03764,1008144.0
2025-07-05 11:30:00,0.03765,0.03785,0.03737,0.03751,2867926.0
2025-07-05 12:00:00,0.03747,0.0376,0.03728,0.03748,1410760.0
2025-07-05 12:30:00,0.03746,0.03764,0.03738,0.03757,121622.0
2025-07-05 13:00:00,0.03763,0.03775,0.03752,0.03756,745970.0
2025-07-05 13:30:00,0.03755,0.03757,0.03733,0.03741,508198.0
2025-07-05 14:00:00,0.0374,0.03747,0.03694,0.03705,2129370.0
2025-07-05 14:30:00,0.03707,0.03721,0.03676,0.03684,2376405.0
2025-07-05 15:00:00,0.03684,0.03686,0.03633,0.03648,2040250.0
2025-07-05 15:30:00,0.03644,0.03656,0.03633,0.03643,959672.0
2025-07-05 16:00:00,0.03643,0.0367,0.0364,0.03662,685307.0
2025-07-05 16:30:00,0.03661,0.03664,0.03633,0.03655,662725.0
2025-07-05 17:00:00,0.03654,0.03657,0.03579,0.03611,2241463.0
2025-07-05 17:30:00,0.03613,0.03628,0.036,0.03613,950606.0
2025-07-05 18:00:00,0.03611,0.03615,0.0359,0.036,313433.0
2025-07-05 18:30:00,0.03598,0.03614,0.03597,0.036,248073.0
2025-07-05 19:00:00,0.03598,0.03612,0.03579,0.03603,587100.0
2025-07-05 19:30:00,0.03605,0.03619,0.03603,0.03607,152539.0
2025-07-05 20:00:00,0.03608,0.03612,0.03601,0.03601,128790.0
2025-07-05 20:30:00,0.03602,0.03616,0.03588,0.03594,697068.0
2025-07-05 21:00:00,0.03594,0.03618,0.03581,0.03616,347205.0
2025-07-05 21:30:00,0.03618,0.03649,0.03612,0.03628,484238.0
2025-07-05 22:00:00,0.03627,0.03636,0.0362,0.03627,142968.0
2025-07-05 22:30:00,0.03625,0.03636,0.03611,0.03616,459769.0
2025-07-05 23:00:00,0.03613,0.03628,0.03595,0.036,168671.0
2025-07-05 23:30:00,0.03597,0.03611,0.03597,0.03611,336357.0
2025-07-06 00:00:00,0.03611,0.03633,0.03569,0.03575,1328755.0
2025-07-06 00:30:00,0.03577,0.03587,0.03559,0.03583,563901.0
2025-07-06 01:00:00,0.03582,0.03584,0.03564,0.03569,318820.0
2025-07-06 01:30:00,0.03568,0.03586,0.03568,0.03586,175460.0
2025-07-06 02:00:00,0.03585,0.03604,0.03583,0.03586,176756.0
2025-07-06 02:30:00,0.03585,0.03592,0.0357,0.03573,367487.0
2025-07-06 03:00:00,0.03571,0.03579,0.03564,0.03566,334045.0
2025-07-06 03:30:00,0.03565,0.03579,0.03562,0.03566,247572.0
2025-07-06 04:00:00,0.03565,0.03579,0.03543,0.0355,1491096.0
2025-07-06 04:30:00,0.0355,0.03575,0.03549,0.03568,352026.0
2025-07-06 05:00:00,0.03569,0.03569,0.03556,0.03564,257771.0
2025-07-06 05:30:00,0.03565,0.03573,0.03552,0.0357,439149.0
2025-07-06 06:00:00,0.03569,0.03628,0.03569,0.03604,1165481.0
2025-07-06 06:30:00,0.03606,0.03618,0.03591,0.03618,284343.0
2025-07-06 07:00:00,0.03618,0.0362,0.036,0.03609,178266.0
2025-07-06 07:30:00,0.03609,0.03614,0.03591,0.03596,353423.0
2025-07-06 08:00:00,0.03597,0.03617,0.03572,0.03575,1355368.0
2025-07-06 08:30:00,0.03576,0.03598,0.03576,0.03596,167829.0
2025-07-06 09:00:00,0.03594,0.03604,0.0359,0.03596,217800.0
2025-07-06 09:30:00,0.03595,0.03624,0.03595,0.03601,466063.0
2025-07-06 10:00:00,0.03601,0.03694,0.03591,0.03649,3004423.0
2025-07-06 10:30:00,0.03647,0.03665,0.03637,0.03647,612684.0
2025-07-06 11:00:00,0.03648,0.03656,0.0363,0.03639,487868.0
2025-07-06 11:30:00,0.03638,0.03663,0.03637,0.0366,784464.0
2025-07-06 12:00:00,0.03661,0.03664,0.03652,0.03656,245390.0
2025-07-06 12:30:00,0.03657,0.0368,0.03654,0.03672,492079.0
2025-07-06 13:00:00,0.03673,0.03745,0.03665,0.03741,1602922.0
2025-07-06 13:30:00,0.03741,0.03752,0.03724,0.03736,819448.0
2025-07-06 14:00:00,0.03736,0.03759,0.03736,0.03755,832797.0
2025-07-06 14:30:00,0.03753,0.0379,0.03716,0.03786,1085311.0
2025-07-06 15:00:00,0.03783,0.03834,0.03713,0.03718,5116558.0
2025-07-06 15:30:00,0.03716,0.03725,0.0369,0.03709,819281.0
2025-07-06 16:00:00,0.03709,0.0375,0.03709,0.03727,857430.0
2025-07-06 16:30:00,0.03729,0.03752,0.0371,0.03752,330179.0
2025-07-06 17:00:00,0.0375,0.03767,0.03741,0.03755,546883.0
2025-07-06 17:30:00,0.03754,0.03772,0.03747,0.03767,495786.0
2025-07-06 18:00:00,0.03769,0.03775,0.0375,0.0375,315730.0
2025-07-06 18:30:00,0.03752,0.03765,0.03736,0.03765,746560.0
2025-07-06 19:00:00,0.03766,0.03813,0.03762,0.0381,1260388.0
2025-07-06 19:30:00,0.03808,0.03816,0.03791,0.03802,643589.0
2025-07-06 20:00:00,0.03802,0.03831,0.03776,0.03792,1825990.0
2025-07-06 20:30:00,0.03793,0.03863,0.03775,0.03836,2727774.0
2025-07-06 21:00:00,0.03835,0.03846,0.03809,0.03823,1183899.0
2025-07-06 21:30:00,0.03819,0.03865,0.03793,0.03841,4284354.0
2025-07-06 22:00:00,0.03834,0.03852,0.03792,0.03808,1555610.0
2025-07-06 22:30:00,0.03808,0.03844,0.03798,0.03821,2348033.0
2025-07-06 23:00:00,0.03825,0.03825,0.03782,0.03783,589020.0
2025-07-06 23:30:00,0.03786,0.03792,0.03757,0.03772,1233473.0
2025-07-07 00:00:00,0.03773,0.03799,0.03737,0.03746,2571576.0
2025-07-07 00:30:00,0.03746,0.0378,0.03726,0.03769,2841819.0
2025-07-07 01:00:00,0.03766,0.03784,0.03751,0.03765,1111843.0
2025-07-07 01:30:00,0.03762,0.0377,0.03729,0.03736,885880.0
2025-07-07 02:00:00,0.03737,0.03769,0.03734,0.03767,962993.0
2025-07-07 02:30:00,0.03766,0.0377,0.03744,0.03761,478501.0
2025-07-07 03:00:00,0.03764,0.03777,0.03742,0.03763,572885.0
2025-07-07 03:30:00,0.03763,0.03773,0.03747,0.03751,307928.0
2025-07-07 04:00:00,0.03751,0.0376,0.03747,0.03757,257448.0
2025-07-07 04:30:00,0.03757,0.03764,0.03718,0.03723,1108218.0
2025-07-07 05:00:00,0.03722,0.03751,0.03721,0.03739,321987.0
2025-07-07 05:30:00,0.03738,0.03742,0.03729,0.03735,316428.0
2025-07-07 06:00:00,0.03738,0.03755,0.03725,0.03728,746594.0
2025-07-07 06:30:00,0.0373,0.03744,0.03721,0.03722,321459.0
2025-07-07 07:00:00,0.03721,0.03747,0.03718,0.03739,309779.0
2025-07-07 07:30:00,0.03734,0.03786,0.03734,0.03772,1785519.0
2025-07-07 08:00:00,0.03771,0.03774,0.03736,0.03758,1140398.0
2025-07-07 08:30:00,0.0376,0.03795,0.03753,0.0379,629073.0
2025-07-07 09:00:00,0.03789,0.03799,0.0376,0.03769,1513187.0
2025-07-07 09:30:00,0.03774,0.03792,0.0377,0.03789,1024025.0
2025-07-07 10:00:00,0.03787,0.03814,0.03759,0.03783,1575337.0
2025-07-07 10:30:00,0.03781,0.03792,0.03734,0.03749,902382.0
2025-07-07 11:00:00,0.03752,0.03782,0.03743,0.03782,471312.0
2025-07-07 11:30:00,0.03779,0.03783,0.03751,0.03758,339808.0
2025-07-07 12:00:00,0.03758,0.03765,0.03734,0.03742,188529.0
2025-07-07 12:30:00,0.03742,0.03774,0.03737,0.03761,388532.0
2025-07-07 13:00:00,0.0376,0.03771,0.03739,0.03756,780126.0
2025-07-07 13:30:00,0.03758,0.03771,0.03741,0.03771,294197.0
2025-07-07 14:00:00,0.0377,0.03773,0.03716,0.0372,1020154.0
2025-07-07 14:30:00,0.0372,0.03724,0.03698,0.03721,722017.0
2025-07-07 15:00:00,0.03722,0.03797,0.03714,0.0372,2065675.0
2025-07-07 15:30:00,0.03721,0.03748,0.03714,0.0372,1645944.0
2025-07-07 16:00:00,0.03722,0.03742,0.03667,0.03702,2419115.0
2025-07-07 16:30:00,0.03702,0.03722,0.03692,0.03697,1089888.0
2025-07-07 17:00:00,0.03696,0.03704,0.03681,0.03696,1130816.0
2025-07-07 17:30:00,0.03698,0.03728,0.03688,0.0369,1186239.0
2025-07-07 18:00:00,0.0369,0.03695,0.0365,0.03652,777273.0
2025-07-07 18:30:00,0.03655,0.03687,0.03652,0.03687,323057.0
2025-07-07 19:00:00,0.03685,0.03731,0.0368,0.03717,1122385.0
2025-07-07 19:30:00,0.03716,0.03722,0.03658,0.03666,1157104.0
2025-07-07 20:00:00,0.03665,0.03667,0.03612,0.03642,2055494.0
2025-07-07 20:30:00,0.0364,0.03668,0.03598,0.03612,1833133.0
2025-07-07 21:00:00,0.03609,0.03609,0.03555,0.03574,1433626.0
2025-07-07 21:30:00,0.03572,0.03589,0.0356,0.03571,572831.0
2025-07-07 22:00:00,0.03573,0.03596,0.03558,0.03591,647497.0
2025-07-07 22:30:00,0.03591,0.03591,0.03557,0.03567,842122.0
2025-07-07 23:00:00,0.03562,0.0361,0.03554,0.03594,832426.0
2025-07-07 23:30:00,0.03595,0.03644,0.0359,0.03627,902264.0
2025-07-08 00:00:00,0.03625,0.03649,0.03604,0.03639,1224419.0
2025-07-08 00:30:00,0.03638,0.03643,0.03601,0.03615,700653.0
2025-07-08 01:00:00,0.03616,0.03632,0.03605,0.0363,538678.0
2025-07-08 01:30:00,0.03626,0.03632,0.03566,0.03578,1412847.0
2025-07-08 02:00:00,0.03578,0.03628,0.03545,0.03617,2587656.0
2025-07-08 02:30:00,0.03621,0.03624,0.03591,0.03593,556821.0
2025-07-08 03:00:00,0.03591,0.0362,0.0359,0.03613,125173.0
2025-07-08 03:30:00,0.03613,0.03622,0.03595,0.03602,145277.0
2025-07-08 04:00:00,0.03604,0.03604,0.03584,0.03597,141782.0
2025-07-08 04:30:00,0.03597,0.03619,0.03597,0.03611,151339.0
2025-07-08 05:00:00,0.03607,0.03625,0.03594,0.03617,428618.0
2025-07-08 05:30:00,0.03619,0.03637,0.03606,0.03627,306574.0
2025-07-08 06:00:00,0.0363,0.03697,0.03621,0.0368,1385498.0
2025-07-08 06:30:00,0.03683,0.03691,0.03647,0.03655,1160058.0
2025-07-08 07:00:00,0.03657,0.037,0.03657,0.03683,685746.0
2025-07-08 07:30:00,0.03682,0.03689,0.03662,0.03677,702479.0
2025-07-08 08:00:00,0.03676,0.03684,0.03652,0.03668,820402.0
2025-07-08 08:30:00,0.03668,0.03684,0.03626,0.03635,1836674.0
2025-07-08 09:00:00,0.03632,0.0371,0.03624,0.03693,1736068.0
2025-07-08 09:30:00,0.03693,0.037,0.03657,0.03657,516747.0
2025-07-08 10:00:00,0.03657,0.03696,0.0365,0.03678,748086.0
2025-07-08 10:30:00,0.03681,0.03702,0.03677,0.03692,303291.0
2025-07-08 11:00:00,0.03691,0.03704,0.03676,0.0369,960932.0
2025-07-08 11:30:00,0.03691,0.03715,0.03671,0.0368,685009.0
2025-07-08 12:00:00,0.03683,0.03714,0.03683,0.03714,1467826.0
2025-07-08 12:30:00,0.03708,0.03717,0.037,0.03712,229556.0
2025-07-08 13:00:00,0.03711,0.03721,0.03697,0.03715,419014.0
2025-07-08 13:30:00,0.03714,0.03717,0.03688,0.03688,517385.0
2025-07-08 14:00:00,0.03687,0.03692,0.03612,0.0363,2839985.0
2025-07-08 14:30:00,0.03631,0.03635,0.036,0.03621,1224058.0
2025-07-08 15:00:00,0.03621,0.03621,0.03587,0.03587,550949.0
2025-07-08 15:30:00,0.03587,0.03618,0.03586,0.03604,449775.0
2025-07-08 16:00:00,0.03605,0.03664,0.036,0.03657,721306.0
2025-07-08 16:30:00,0.03658,0.03669,0.03624,0.03624,1225383.0
2025-07-08 17:00:00,0.03626,0.03696,0.03615,0.03682,876372.0
2025-07-08 17:30:00,0.03684,0.03686,0.03668,0.03672,154860.0
2025-07-08 18:00:00,0.03671,0.03699,0.03669,0.03693,686321.0
2025-07-08 18:30:00,0.03693,0.03728,0.03683,0.03718,883725.0
2025-07-08 19:00:00,0.0372,0.03736,0.037,0.03718,1209612.0
2025-07-08 19:30:00,0.03718,0.03737,0.03695,0.03737,282106.0
2025-07-08 20:00:00,0.03736,0.03745,0.03717,0.03724,843335.0
2025-07-08 20:30:00,0.03725,0.03727,0.03706,0.03712,183001.0
2025-07-08 21:00:00,0.03716,0.03718,0.03682,0.03691,660401.0
2025-07-08 21:30:00,0.03691,0.03701,0.03672,0.03696,252831.0
2025-07-08 22:00:00,0.03697,0.03701,0.03671,0.03672,166396.0
2025-07-08 22:30:00,0.03674,0.03691,0.03674,0.03685,82314.0
2025-07-08 23:00:00,0.03683,0.03696,0.03671,0.03674,682223.0
2025-07-08 23:30:00,0.03674,0.03692,0.0367,0.03678,183851.0
2025-07-09 00:00:00,0.0368,0.03704,0.03661,0.03661,431586.0
2025-07-09 00:30:00,0.03661,0.03687,0.0364,0.03674,1044320.0
2025-07-09 01:00:00,0.03672,0.03685,0.03637,0.03644,437025.0
2025-07-09 01:30:00,0.03647,0.03682,0.0364,0.03682,458739.0
2025-07-09 02:00:00,0.03682,0.03697,0.03672,0.03695,287031.0
2025-07-09 02:30:00,0.03693,0.0372,0.03693,0.03702,704448.0
2025-07-09 03:00:00,0.0371,0.03729,0.03691,0.03723,1171465.0
2025-07-09 03:30:00,0.03717,0.03723,0.03687,0.03717,1051008.0
2025-07-09 04:00:00,0.03716,0.0378,0.03707,0.03778,2278871.0
2025-07-09 04:30:00,0.03779,0.03841,0.03767,0.03807,5685719.0
2025-07-09 05:00:00,0.03809,0.03827,0.03773,0.03784,4999635.0
2025-07-09 05:30:00,0.03781,0.03813,0.03774,0.03779,1249553.0
2025-07-09 06:00:00,0.03783,0.03783,0.03746,0.03755,1465861.0
2025-07-09 06:30:00,0.03757,0.03776,0.03742,0.03768,1301661.0
2025-07-09 07:00:00,0.03768,0.03778,0.0374,0.03748,878686.0
2025-07-09 07:30:00,0.03748,0.03778,0.03745,0.0377,824721.0
2025-07-09 08:00:00,0.03769,0.03769,0.03731,0.03735,617648.0
2025-07-09 08:30:00,0.03736,0.03761,0.03732,0.03759,436872.0
2025-07-09 09:00:00,0.03757,0.03761,0.03742,0.03745,263113.0
2025-07-09 09:30:00,0.03744,0.03746,0.03731,0.0374,517196.0
2025-07-09 10:00:00,0.03745,0.03758,0.03718,0.0372,613257.0
2025-07-09 10:30:00,0.0372,0.03755,0.03713,0.03754,590758.0
2025-07-09 11:00:00,0.03754,0.03772,0.03746,0.03765,610743.0
2025-07-09 11:30:00,0.03765,0.03785,0.03741,0.03763,886502.0
2025-07-09 12:00:00,0.03759,0.0378,0.03748,0.03774,616835.0
2025-07-09 12:30:00,0.03776,0.03776,0.03739,0.03759,767324.0
2025-07-09 13:00:00,0.03757,0.03774,0.0373,0.03744,943641.0
2025-07-09 13:30:00,0.03742,0.03752,0.03725,0.03734,1283038.0
2025-07-09 14:00:00,0.03737,0.04209,0.03734,0.0394,89605069.0
2025-07-09 14:30:00,0.0394,0.04041,0.03811,0.03889,37869149.0
2025-07-09 15:00:00,0.03894,0.03899,0.03798,0.03847,11509474.0
2025-07-09 15:30:00,0.03851,0.03907,0.03828,0.03849,7278729.0
2025-07-09 16:00:00,0.03852,0.03887,0.03818,0.03836,3923535.0
2025-07-09 16:30:00,0.0384,0.03874,0.03822,0.03841,2566775.0
2025-07-09 17:00:00,0.03841,0.03844,0.03772,0.03808,4308286.0
2025-07-09 17:30:00,0.03808,0.03854,0.03794,0.03849,2172238.0
2025-07-09 18:00:00,0.03848,0.03856,0.03833,0.03846,1535452.0
2025-07-09 18:30:00,0.03849,0.03881,0.03841,0.03858,1410225.0
2025-07-09 19:00:00,0.03861,0.03868,0.03832,0.03844,788200.0
2025-07-09 19:30:00,0.03848,0.0388,0.03845,0.03869,1092736.0
2025-07-09 20:00:00,0.03867,0.03872,0.03839,0.03849,1927041.0
2025-07-09 20:30:00,0.03849,0.03867,0.0383,0.0386,1188640.0
2025-07-09 21:00:00,0.0386,0.03877,0.03852,0.0387,507007.0
2025-07-09 21:30:00,0.03871,0.03881,0.03841,0.03869,1170675.0
2025-07-09 22:00:00,0.03869,0.03885,0.0385,0.03875,1162707.0
2025-07-09 22:30:00,0.03877,0.03891,0.03868,0.03891,518081.0
2025-07-09 23:00:00,0.03888,0.03897,0.03872,0.03872,506033.0
2025-07-09 23:30:00,0.03876,0.03916,0.03875,0.03916,967590.0
2025-07-10 00:00:00,0.03915,0.03924,0.0385,0.03868,1779647.0
2025-07-10 00:30:00,0.03867,0.03877,0.03805,0.03843,2185891.0
2025-07-10 01:00:00,0.03842,0.03865,0.03832,0.03845,1007576.0
2025-07-10 01:30:00,0.03847,0.03857,0.03826,0.03844,686891.0
2025-07-10 02:00:00,0.03845,0.03893,0.03826,0.03872,1984922.0
2025-07-10 02:30:00,0.03873,0.0394,0.03868,0.03917,2202882.0
2025-07-10 03:00:00,0.03913,0.03976,0.03899,0.03941,2203239.0
2025-07-10 03:30:00,0.03941,0.0404,0.03941,0.03986,2699354.0
2025-07-10 04:00:00,0.03985,0.04074,0.03969,0.04028,5803402.0
2025-07-10 04:30:00,0.0403,0.04051,0.03947,0.03978,5571024.0
2025-07-10 05:00:00,0.03976,0.04025,0.03964,0.04,2288811.0
2025-07-10 05:30:00,0.04004,0.0403,0.03944,0.03991,3089734.0
2025-07-10 06:00:00,0.03991,0.04006,0.03959,0.03997,1171889.0
2025-07-10 06:30:00,0.03997,0.0403,0.03962,0.0403,3024041.0
2025-07-10 07:00:00,0.0403,0.0403,0.03968,0.04001,2931912.0
2025-07-10 07:30:00,0.04002,0.04231,0.04002,0.04053,25467306.0
2025-07-10 08:00:00,0.04051,0.04052,0.03952,0.0397,3390742.0
2025-07-10 08:30:00,0.0397,0.03995,0.03956,0.0397,3041174.0
2025-07-10 09:00:00,0.0397,0.03975,0.03845,0.03869,4926560.0
2025-07-10 09:30:00,0.03869,0.0388,0.03843,0.03855,1225177.0
2025-07-10 10:00:00,0.03855,0.03914,0.03823,0.03908,1705986.0
2025-07-10 10:30:00,0.03908,0.03941,0.03904,0.03936,940980.0
2025-07-10 11:00:00,0.03935,0.03956,0.03909,0.0393,855331.0
2025-07-10 11:30:00,0.03928,0.03954,0.03911,0.03931,1265804.0
2025-07-10 12:00:00,0.03931,0.03949,0.0391,0.03938,740452.0
2025-07-10 12:30:00,0.03938,0.03971,0.03933,0.03967,1069113.0
2025-07-10 13:00:00,0.0397,0.03991,0.03948,0.03969,1140658.0
2025-07-10 13:30:00,0.03972,0.04021,0.03946,0.04017,1825898.0
2025-07-10 14:00:00,0.04017,0.04063,0.03985,0.04053,2600658.0
2025-07-10 14:30:00,0.04054,0.04097,0.0404,0.04063,1703482.0
2025-07-10 15:00:00,0.04059,0.04074,0.04011,0.04016,1989284.0
2025-07-10 15:30:00,0.04017,0.04061,0.04011,0.04059,1588060.0
2025-07-10 16:00:00,0.04053,0.04084,0.04033,0.04052,2104729.0
2025-07-10 16:30:00,0.04056,0.0413,0.04056,0.04098,3712087.0
2025-07-10 17:00:00,0.04098,0.04148,0.04067,0.04134,2953933.0
2025-07-10 17:30:00,0.04132,0.04162,0.04117,0.04141,2033935.0
2025-07-10 18:00:00,0.04142,0.04146,0.04107,0.04117,740107.0
2025-07-10 18:30:00,0.0412,0.04129,0.04098,0.04124,774691.0
2025-07-10 19:00:00,0.04122,0.04135,0.04103,0.04111,546429.0
2025-07-10 19:30:00,0.04108,0.04323,0.04107,0.04247,11223217.0
2025-07-10 20:00:00,0.04247,0.04293,0.04209,0.04289,4236696.0
2025-07-10 20:30:00,0.04287,0.04729,0.04266,0.04653,47199663.0
2025-07-10 21:00:00,0.04652,0.04942,0.04438,0.04792,36135414.0
2025-07-10 21:30:00,0.0479,0.05606,0.04789,0.05332,66829073.0
2025-07-10 22:00:00,0.05332,0.06269,0.04681,0.04789,156452457.0
2025-07-10 22:30:00,0.04789,0.04795,0.04367,0.04499,42716132.0
2025-07-10 23:00:00,0.045,0.0472,0.04463,0.04695,16947622.0
2025-07-10 23:30:00,0.04696,0.04725,0.04405,0.04405,25137522.0
2025-07-11 00:00:00,0.04406,0.04521,0.04317,0.04499,13973075.0
2025-07-11 00:30:00,0.04499,0.04564,0.0446,0.04515,6694416.0
2025-07-11 01:00:00,0.04515,0.04744,0.04463,0.04727,11396778.0
2025-07-11 01:30:00,0.04723,0.04822,0.0466,0.04671,13149390.0
2025-07-11 02:00:00,0.04677,0.04816,0.04568,0.04764,12626482.0
2025-07-11 02:30:00,0.04762,0.04801,0.04674,0.04781,7568111.0
2025-07-11 03:00:00,0.04776,0.04855,0.04644,0.04695,10032041.0
2025-07-11 03:30:00,0.04687,0.04712,0.04634,0.04659,4145002.0
2025-07-11 04:00:00,0.0466,0.04849,0.04644,0.04684,5851681.0
2025-07-11 04:30:00,0.04686,0.04812,0.0431,0.04443,32334983.0
2025-07-11 05:00:00,0.04445,0.04669,0.04411,0.04591,11219059.0
2025-07-11 05:30:00,0.04594,0.04609,0.04513,0.04536,6155681.0
2025-07-11 06:00:00,0.04532,0.04632,0.04449,0.04525,5261212.0
2025-07-11 06:30:00,0.0452,0.0454,0.04361,0.04416,6600681.0
2025-07-11 07:00:00,0.04422,0.04451,0.04373,0.04392,3586387.0
2025-07-11 07:30:00,0.04397,0.0448,0.04378,0.04415,4457338.0
2025-07-11 08:00:00,0.04416,0.04455,0.04359,0.04438,3473174.0
2025-07-11 08:30:00,0.04438,0.04503,0.04401,0.04483,3545919.0
2025-07-11 09:00:00,0.04485,0.0454,0.04457,0.04486,3683647.0
2025-07-11 09:30:00,0.04485,0.04505,0.04379,0.04422,7758347.0
2025-07-11 10:00:00,0.04422,0.04456,0.04366,0.04435,4420021.0
2025-07-11 10:30:00,0.04435,0.0446,0.0442,0.04425,2431997.0
2025-07-11 11:00:00,0.04425,0.04459,0.0427,0.04321,11204994.0
2025-07-11 11:30:00,0.04319,0.04331,0.04222,0.04267,5597435.0
2025-07-11 12:00:00,0.04267,0.04448,0.04242,0.04399,10569673.0
2025-07-11 12:30:00,0.04404,0.04461,0.04339,0.04384,5052446.0
2025-07-11 13:00:00,0.04386,0.04443,0.04354,0.04412,5164845.0
2025-07-11 13:30:00,0.04412,0.04421,0.04339,0.04386,3503663.0
2025-07-11 14:00:00,0.0439,0.0448,0.04365,0.04459,4272316.0
2025-07-11 14:30:00,0.04459,0.04535,0.04433,0.04449,3919414.0
2025-07-11 15:00:00,0.04447,0.04455,0.04373,0.04405,2734982.0
2025-07-11 15:30:00,0.04399,0.04491,0.04309,0.04362,7741698.0
2025-07-11 16:00:00,0.04364,0.0445,0.04312,0.04434,4663631.0
2025-07-11 16:30:00,0.04437,0.04477,0.04384,0.04454,1845587.0
2025-07-11 17:00:00,0.04448,0.04529,0.04422,0.04518,2609025.0
2025-07-11 17:30:00,0.04518,0.04555,0.04457,0.04507,3716167.0
2025-07-11 18:00:00,0.04507,0.0452,0.04419,0.04446,2079223.0
2025-07-11 18:30:00,0.04448,0.04487,0.04439,0.04454,1054656.0
2025-07-11 19:00:00,0.04457,0.04457,0.04419,0.04431,1567995.0
2025-07-11 19:30:00,0.0443,0.04458,0.04369,0.0441,3601526.0
2025-07-11 20:00:00,0.04412,0.04441,0.0435,0.04366,3128817.0
2025-07-11 20:30:00,0.04363,0.0437,0.04286,0.04296,1797913.0
2025-07-11 21:00:00,0.04296,0.04336,0.04254,0.04336,3222749.0
2025-07-11 21:30:00,0.04333,0.04346,0.03862,0.04056,24536632.0
2025-07-11 22:00:00,0.04056,0.04193,0.03896,0.03945,15602693.0
2025-07-11 22:30:00,0.03945,0.04048,0.03935,0.03998,6032323.0
2025-07-11 23:00:00,0.03998,0.0404,0.03952,0.04002,4789882.0
2025-07-11 23:30:00,0.04003,0.04014,0.03969,0.03997,2377120.0
2025-07-12 00:00:00,0.03997,0.04043,0.03923,0.03941,9343229.0
2025-07-12 00:30:00,0.03942,0.04036,0.03869,0.03986,8436650.0
2025-07-12 01:00:00,0.03986,0.0406,0.0397,0.04034,2250462.0
2025-07-12 01:30:00,0.04034,0.0411,0.04017,0.04082,3136505.0
2025-07-12 02:00:00,0.04083,0.04144,0.04072,0.04122,2143077.0
2025-07-12 02:30:00,0.04122,0.0413,0.04057,0.04072,2269932.0
2025-07-12 03:00:00,0.04073,0.04131,0.04059,0.04095,1219848.0
2025-07-12 03:30:00,0.04099,0.04101,0.04056,0.04098,1966033.0
2025-07-12 04:00:00,0.04096,0.04096,0.04015,0.04035,1375250.0
2025-07-12 04:30:00,0.04035,0.04039,0.03956,0.03989,1246935.0
2025-07-12 05:00:00,0.03989,0.04035,0.03936,0.04019,3187494.0
2025-07-12 05:30:00,0.04019,0.04055,0.04013,0.04018,797897.0
2025-07-12 06:00:00,0.04018,0.04018,0.0396,0.03983,1158064.0
2025-07-12 06:30:00,0.03983,0.04024,0.03982,0.03996,657041.0
2025-07-12 07:00:00,0.03996,0.04042,0.03963,0.03979,2279363.0
2025-07-12 07:30:00,0.03983,0.0406,0.0392,0.04008,4506706.0
2025-07-12 08:00:00,0.04006,0.04059,0.03964,0.03979,2216246.0
2025-07-12 08:30:00,0.03981,0.04007,0.03945,0.0395,1017540.0
2025-07-12 09:00:00,0.0395,0.03975,0.0392,0.03967,1198711.0
2025-07-12 09:30:00,0.0397,0.04008,0.03967,0.03989,682232.0
2025-07-12 10:00:00,0.03986,0.03986,0.03946,0.03961,729554.0
2025-07-12 10:30:00,0.0396,0.04007,0.03957,0.03987,2344950.0
2025-07-12 11:00:00,0.03989,0.03989,0.03939,0.03962,1882013.0
2025-07-12 11:30:00,0.03962,0.04021,0.03934,0.04005,1650614.0
2025-07-12 12:00:00,0.04003,0.04052,0.03925,0.03955,2255065.0
2025-07-12 12:30:00,0.03942,0.03963,0.03827,0.03884,5463205.0
2025-07-12 13:00:00,0.03886,0.03888,0.03826,0.03836,2100256.0
2025-07-12 13:30:00,0.03837,0.03904,0.03801,0.03902,1314576.0
2025-07-12 14:00:00,0.03905,0.04231,0.03903,0.04125,14499828.0
2025-07-12 14:30:00,0.04123,0.042,0.04008,0.04107,9412756.0
2025-07-12 15:00:00,0.04107,0.04137,0.04006,0.04095,4974618.0
2025-07-12 15:30:00,0.04095,0.04102,0.04027,0.04083,4327589.0
2025-07-12 16:00:00,0.04078,0.04263,0.0406,0.04235,7643049.0
2025-07-12 16:30:00,0.04235,0.04258,0.04117,0.04158,5919322.0
2025-07-12 17:00:00,0.04155,0.04175,0.04086,0.04133,3443799.0
2025-07-12 17:30:00,0.04134,0.04135,0.04087,0.0409,1633677.0
2025-07-12 18:00:00,0.04092,0.04142,0.04087,0.04115,627734.0
2025-07-12 18:30:00,0.04113,0.04175,0.04111,0.04155,539922.0
2025-07-12 19:00:00,0.04156,0.04194,0.04115,0.04123,1301174.0
2025-07-12 19:30:00,0.04124,0.04224,0.04121,0.04224,1944381.0
2025-07-12 20:00:00,0.0422,0.04232,0.04154,0.04163,767765.0
2025-07-12 20:30:00,0.04161,0.04163,0.04087,0.04106,953356.0
2025-07-12 21:00:00,0.04104,0.0412,0.04055,0.04105,1225944.0
2025-07-12 21:30:00,0.04106,0.0418,0.04106,0.04168,924973.0
2025-07-12 22:00:00,0.04164,0.04178,0.04111,0.04154,724417.0
2025-07-12 22:30:00,0.04153,0.04201,0.04151,0.04176,903378.0
2025-07-12 23:00:00,0.04176,0.0419,0.04118,0.04178,952855.0
2025-07-12 23:30:00,0.0418,0.04234,0.04173,0.04186,1424140.0
2025-07-13 00:00:00,0.04187,0.04189,0.04072,0.04084,2920345.0
2025-07-13 00:30:00,0.04084,0.04106,0.04,0.04041,2922088.0
2025-07-13 01:00:00,0.04041,0.04066,0.04006,0.04031,1616803.0
2025-07-13 01:30:00,0.04032,0.04074,0.04032,0.04045,681903.0
2025-07-13 02:00:00,0.04044,0.04054,0.04019,0.04034,1164693.0
2025-07-13 02:30:00,0.04034,0.04035,0.03968,0.04033,1689235.0
2025-07-13 03:00:00,0.04032,0.04047,0.03974,0.03982,587055.0
2025-07-13 03:30:00,0.03981,0.03986,0.0395,0.03975,630735.0
2025-07-13 04:00:00,0.03975,0.04043,0.03975,0.04024,725350.0
2025-07-13 04:30:00,0.04021,0.04114,0.04008,0.04111,1091369.0
2025-07-13 05:00:00,0.0411,0.04149,0.04096,0.04116,1300609.0
2025-07-13 05:30:00,0.04116,0.04152,0.04112,0.04121,1105334.0
2025-07-13 06:00:00,0.04119,0.04153,0.04113,0.04139,861261.0
2025-07-13 06:30:00,0.04139,0.04156,0.0409,0.04134,888873.0
2025-07-13 07:00:00,0.04136,0.04155,0.04069,0.04106,1973527.0
2025-07-13 07:30:00,0.04109,0.04152,0.04109,0.04138,789904.0
2025-07-13 08:00:00,0.04137,0.04151,0.04047,0.04071,2022215.0
2025-07-13 08:30:00,0.04071,0.04077,0.0405,0.04071,372655.0
2025-07-13 09:00:00,0.04074,0.0409,0.04047,0.04069,605752.0
2025-07-13 09:30:00,0.04065,0.04065,0.03998,0.04024,1109580.0
2025-07-13 10:00:00,0.04024,0.04087,0.04024,0.04047,863523.0
2025-07-13 10:30:00,0.04048,0.04049,0.04005,0.04025,787482.0
2025-07-13 11:00:00,0.04027,0.04064,0.04001,0.0406,905379.0
2025-07-13 11:30:00,0.04054,0.04099,0.04052,0.0409,774046.0
2025-07-13 12:00:00,0.04095,0.04148,0.04072,0.04136,2106601.0
2025-07-13 12:30:00,0.04137,0.04165,0.04118,0.04121,1884765.0
2025-07-13 13:00:00,0.04122,0.04122,0.0404,0.04056,1114423.0
2025-07-13 13:30:00,0.04052,0.04123,0.0405,0.04108,1390291.0
2025-07-13 14:00:00,0.04109,0.04196,0.04088,0.0419,2100287.0
2025-07-13 14:30:00,0.04186,0.04188,0.0409,0.04103,3341255.0
2025-07-13 15:00:00,0.04103,0.04145,0.04087,0.04105,971123.0
2025-07-13 15:30:00,0.04104,0.04144,0.04072,0.04144,1096943.0
2025-07-13 16:00:00,0.04146,0.04215,0.04144,0.04192,2924316.0
2025-07-13 16:30:00,0.04193,0.04213,0.0416,0.04173,852490.0
2025-07-13 17:00:00,0.04172,0.0421,0.04094,0.04148,3238765.0
2025-07-13 17:30:00,0.04147,0.04236,0.0414,0.04227,3882944.0
2025-07-13 18:00:00,0.04226,0.04297,0.04205,0.04283,2131840.0
2025-07-13 18:30:00,0.0428,0.04289,0.04232,0.04258,1322620.0
2025-07-13 19:00:00,0.04262,0.04293,0.04246,0.04251,1076107.0
2025-07-13 19:30:00,0.04251,0.04254,0.04191,0.04197,662615.0
2025-07-13 20:00:00,0.04198,0.04207,0.04157,0.04197,588480.0
2025-07-13 20:30:00,0.04198,0.04258,0.04192,0.0425,415800.0
2025-07-13 21:00:00,0.0425,0.04286,0.04236,0.04262,684810.0
2025-07-13 21:30:00,0.04267,0.04275,0.04187,0.04234,1883078.0
2025-07-13 22:00:00,0.04231,0.04231,0.04071,0.04116,3460559.0
2025-07-13 22:30:00,0.04115,0.04161,0.04091,0.04116,987891.0
2025-07-13 23:00:00,0.04117,0.04144,0.0409,0.04105,424181.0
2025-07-13 23:30:00,0.04104,0.04152,0.04092,0.04151,772745.0
2025-07-14 00:00:00,0.04149,0.04341,0.04148,0.04316,5589702.0
2025-07-14 00:30:00,0.04315,0.04463,0.0431,0.04319,5312785.0
2025-07-14 01:00:00,0.04329,0.0435,0.04229,0.04275,1776097.0
2025-07-14 01:30:00,0.04278,0.04301,0.04244,0.04286,961534.0
2025-07-14 02:00:00,0.04286,0.0429,0.04172,0.04215,3509771.0
2025-07-14 02:30:00,0.04216,0.04287,0.0419,0.04267,1334505.0
2025-07-14 03:00:00,0.04268,0.04292,0.04243,0.04264,1097467.0
2025-07-14 03:30:00,0.04265,0.04335,0.04257,0.04285,815522.0
2025-07-14 04:00:00,0.04289,0.04336,0.04255,0.04315,1868759.0
2025-07-14 04:30:00,0.04315,0.04345,0.04283,0.04306,976543.0
2025-07-14 05:00:00,0.04306,0.04343,0.04294,0.04324,669190.0
2025-07-14 05:30:00,0.04324,0.04324,0.04177,0.04254,1567696.0
2025-07-14 06:00:00,0.04255,0.04255,0.04114,0.04214,5034550.0
2025-07-14 06:30:00,0.04212,0.04233,0.04197,0.04208,809269.0
2025-07-14 07:00:00,0.04212,0.04278,0.04204,0.04271,524296.0
2025-07-14 07:30:00,0.04269,0.04301,0.04242,0.04268,630900.0
2025-07-14 08:00:00,0.04267,0.04271,0.04159,0.04209,1648932.0
2025-07-14 08:30:00,0.04206,0.04313,0.04185,0.04297,799497.0
2025-07-14 09:00:00,0.04299,0.04304,0.0425,0.04275,520922.0
2025-07-14 09:30:00,0.04279,0.04306,0.04236,0.04236,472621.0
2025-07-14 10:00:00,0.04238,0.04242,0.04168,0.04194,888223.0
2025-07-14 10:30:00,0.04194,0.04208,0.04177,0.04205,505149.0
2025-07-14 11:00:00,0.04204,0.04233,0.04175,0.04183,588484.0
2025-07-14 11:30:00,0.04194,0.04194,0.04122,0.04139,1747826.0
2025-07-14 12:00:00,0.0414,0.04203,0.04114,0.04193,553891.0
2025-07-14 12:30:00,0.04193,0.04254,0.04179,0.04224,594746.0
2025-07-14 13:00:00,0.04233,0.04279,0.04206,0.04259,994172.0
2025-07-14 13:30:00,0.04259,0.04285,0.04208,0.04271,938967.0
2025-07-14 14:00:00,0.04274,0.04287,0.04178,0.04202,796038.0
2025-07-14 14:30:00,0.04203,0.04205,0.04079,0.04123,2640706.0
2025-07-14 15:00:00,0.04122,0.04151,0.0404,0.04132,1518853.0
2025-07-14 15:30:00,0.04129,0.04377,0.04128,0.04262,8874936.0
2025-07-14 16:00:00,0.04266,0.04266,0.0414,0.0425,3141324.0
2025-07-14 16:30:00,0.04251,0.04311,0.04214,0.04277,2528466.0
2025-07-14 17:00:00,0.04276,0.04335,0.0419,0.04244,3649568.0
2025-07-14 17:30:00,0.0424,0.04268,0.04174,0.04181,1668287.0
2025-07-14 18:00:00,0.04185,0.04196,0.04112,0.04159,1357234.0
2025-07-14 18:30:00,0.04158,0.04182,0.0407,0.04123,1450118.0
2025-07-14 19:00:00,0.04124,0.04144,0.04067,0.04107,1104082.0
2025-07-14 19:30:00,0.04105,0.04107,0.04015,0.04037,1087193.0
2025-07-14 20:00:00,0.04037,0.04098,0.04012,0.04098,1028432.0
2025-07-14 20:30:00,0.04095,0.04158,0.04085,0.0411,790673.0
2025-07-14 21:00:00,0.04112,0.04164,0.04106,0.04164,755200.0
2025-07-14 21:30:00,0.04162,0.04245,0.0416,0.04225,888878.0
2025-07-14 22:00:00,0.04232,0.04232,0.04139,0.04141,1624277.0
2025-07-14 22:30:00,0.0414,0.04174,0.0412,0.04124,849305.0
2025-07-14 23:00:00,0.04126,0.04171,0.04119,0.04138,560448.0
2025-07-14 23:30:00,0.04137,0.04161,0.0413,0.04144,245648.0
2025-07-15 00:00:00,0.04145,0.04156,0.04077,0.04149,1965199.0
2025-07-15 00:30:00,0.04155,0.04233,0.04122,0.04173,5593599.0
2025-07-15 01:00:00,0.04169,0.04227,0.04108,0.04215,2158112.0
2025-07-15 01:30:00,0.04218,0.04288,0.04216,0.04266,1500448.0
2025-07-15 02:00:00,0.04262,0.04275,0.04173,0.04183,1155362.0
2025-07-15 02:30:00,0.04182,0.04211,0.04153,0.04154,698890.0
2025-07-15 03:00:00,0.04151,0.04153,0.04032,0.04091,2949871.0
2025-07-15 03:30:00,0.04082,0.04118,0.04046,0.04113,1527749.0
2025-07-15 04:00:00,0.04106,0.04219,0.04094,0.04196,1066377.0
2025-07-15 04:30:00,0.04197,0.04239,0.04182,0.04237,484611.0
2025-07-15 05:00:00,0.04236,0.0424,0.04186,0.04212,596507.0
2025-07-15 05:30:00,0.04212,0.04217,0.04133,0.04159,1414655.0
2025-07-15 06:00:00,0.04161,0.04178,0.041,0.04116,1709688.0
2025-07-15 06:30:00,0.04116,0.04124,0.04071,0.04076,1142361.0
2025-07-15 07:00:00,0.04074,0.04079,0.03805,0.03863,7293910.0
2025-07-15 07:30:00,0.03865,0.03953,0.03853,0.0392,4918808.0
2025-07-15 08:00:00,0.03922,0.03971,0.03892,0.03967,1566269.0
2025-07-15 08:30:00,0.03967,0.04021,0.03946,0.03992,1450910.0
2025-07-15 09:00:00,0.03989,0.0406,0.03985,0.04054,3349397.0
2025-07-15 09:30:00,0.04054,0.04095,0.04036,0.04086,1448255.0
2025-07-15 10:00:00,0.04082,0.04178,0.04065,0.0412,2682834.0
2025-07-15 10:30:00,0.04119,0.04174,0.0404,0.0406,2914222.0
2025-07-15 11:00:00,0.04061,0.04089,0.03996,0.04035,969891.0
2025-07-15 11:30:00,0.04034,0.04095,0.04009,0.04082,487215.0
2025-07-15 12:00:00,0.04081,0.04107,0.04022,0.04035,496119.0
2025-07-15 12:30:00,0.04035,0.041,0.04001,0.04056,1952729.0
2025-07-15 13:00:00,0.04055,0.04132,0.04038,0.04096,1023491.0
2025-07-15 13:30:00,0.04092,0.04102,0.04027,0.04078,1594300.0
2025-07-15 14:00:00,0.04079,0.04091,0.04031,0.04042,478550.0
2025-07-15 14:30:00,0.04039,0.04055,0.03968,0.04004,1828121.0
2025-07-15 15:00:00,0.04003,0.04026,0.03947,0.03976,1263553.0
2025-07-15 15:30:00,0.03976,0.04084,0.03937,0.04067,1189849.0
2025-07-15 16:00:00,0.04066,0.0412,0.04046,0.04083,1165481.0
2025-07-15 16:30:00,0.04082,0.04118,0.04048,0.04055,1525756.0
2025-07-15 17:00:00,0.04057,0.04126,0.04054,0.04122,1335392.0
2025-07-15 17:30:00,0.04122,0.04163,0.04111,0.04142,887752.0
2025-07-15 18:00:00,0.04141,0.04166,0.04116,0.04131,755682.0
2025-07-15 18:30:00,0.04131,0.04156,0.04093,0.04096,816945.0
2025-07-15 19:00:00,0.04095,0.04147,0.04089,0.04134,730804.0
2025-07-15 19:30:00,0.04135,0.0414,0.04046,0.04047,655959.0
2025-07-15 20:00:00,0.0405,0.04122,0.04027,0.04106,571878.0
2025-07-15 20:30:00,0.04104,0.04158,0.04092,0.0412,373574.0
2025-07-15 21:00:00,0.04115,0.0417,0.04115,0.04164,551762.0
2025-07-15 21:30:00,0.04167,0.04191,0.04146,0.04169,439782.0
2025-07-15 22:00:00,0.0417,0.04205,0.04166,0.04172,749143.0
2025-07-15 22:30:00,0.04175,0.04181,0.04129,0.04163,536722.0
2025-07-15 23:00:00,0.04164,0.0424,0.0416,0.0424,1021920.0
2025-07-15 23:30:00,0.04238,0.04246,0.04212,0.04223,605235.0
2025-07-16 00:00:00,0.0422,0.0422,0.04132,0.04156,1390782.0
2025-07-16 00:30:00,0.04155,0.04164,0.04125,0.04136,981348.0
2025-07-16 01:00:00,0.04134,0.04151,0.04079,0.04131,2566202.0
2025-07-16 01:30:00,0.04128,0.04173,0.04114,0.04147,829865.0
2025-07-16 02:00:00,0.04144,0.04189,0.04122,0.04123,784951.0
2025-07-16 02:30:00,0.0412,0.04126,0.04081,0.04106,757230.0
2025-07-16 03:00:00,0.04106,0.04129,0.04074,0.04087,635159.0
2025-07-16 03:30:00,0.04084,0.04135,0.0408,0.0411,1159425.0
2025-07-16 04:00:00,0.0411,0.04151,0.04103,0.04147,1354426.0
2025-07-16 04:30:00,0.04147,0.04154,0.0412,0.04134,812549.0
2025-07-16 05:00:00,0.04132,0.04157,0.04119,0.04157,749652.0
2025-07-16 05:30:00,0.04153,0.04255,0.04139,0.04201,2778274.0
2025-07-16 06:00:00,0.04203,0.04231,0.041,0.04187,1570923.0
2025-07-16 06:30:00,0.04186,0.04204,0.0417,0.04201,432287.0
2025-07-16 07:00:00,0.04201,0.04214,0.04156,0.04195,1002618.0
2025-07-16 07:30:00,0.04196,0.04241,0.04181,0.04195,1188920.0
2025-07-16 08:00:00,0.04195,0.04236,0.04187,0.04195,678999.0
2025-07-16 08:30:00,0.04197,0.04216,0.04171,0.04216,768903.0
2025-07-16 09:00:00,0.04209,0.04248,0.04205,0.04232,620532.0
2025-07-16 09:30:00,0.04231,0.04235,0.04173,0.04196,927872.0
2025-07-16 10:00:00,0.04198,0.04201,0.0417,0.04175,209863.0
2025-07-16 10:30:00,0.04175,0.04194,0.04127,0.04151,739450.0
2025-07-16 11:00:00,0.04146,0.04181,0.0412,0.04175,1876566.0
2025-07-16 11:30:00,0.04178,0.04188,0.04138,0.0416,609886.0
2025-07-16 12:00:00,0.04158,0.04161,0.04116,0.04129,324324.0
2025-07-16 12:30:00,0.04127,0.04204,0.04107,0.04136,2040253.0
2025-07-16 13:00:00,0.0414,0.04166,0.04116,0.04122,832536.0
2025-07-16 13:30:00,0.04117,0.04148,0.04103,0.04138,496928.0
2025-07-16 14:00:00,0.04137,0.04155,0.04038,0.04113,2248965.0
2025-07-16 14:30:00,0.04108,0.04176,0.04105,0.0417,844069.0
2025-07-16 15:00:00,0.04173,0.04174,0.04071,0.04099,1358836.0
2025-07-16 15:30:00,0.04097,0.0411,0.04069,0.04097,677730.0
2025-07-16 16:00:00,0.04094,0.04135,0.04069,0.04135,1338128.0
2025-07-16 16:30:00,0.04129,0.04136,0.04087,0.04092,529888.0
2025-07-16 17:00:00,0.04093,0.04121,0.04081,0.04121,1089168.0
2025-07-16 17:30:00,0.04117,0.04131,0.04086,0.04118,1330957.0
2025-07-16 18:00:00,0.04118,0.04135,0.04086,0.04109,379136.0
2025-07-16 18:30:00,0.04111,0.04148,0.0408,0.04114,1691876.0
2025-07-16 19:00:00,0.04113,0.04123,0.04032,0.04046,2184750.0
2025-07-16 19:30:00,0.04038,0.04104,0.03995,0.04095,1610826.0
2025-07-16 20:00:00,0.04096,0.04133,0.04051,0.04131,980694.0
2025-07-16 20:30:00,0.04127,0.04133,0.04108,0.04112,561539.0
2025-07-16 21:00:00,0.04112,0.04179,0.04111,0.04178,760712.0
2025-07-16 21:30:00,0.04179,0.04182,0.04093,0.04136,645282.0
2025-07-16 22:00:00,0.04138,0.04149,0.04087,0.04096,741652.0
2025-07-16 22:30:00,0.04093,0.041,0.04041,0.04063,968753.0
2025-07-16 23:00:00,0.04062,0.04064,0.03992,0.04028,904498.0
2025-07-16 23:30:00,0.04026,0.0406,0.04015,0.04047,498693.0
2025-07-17 00:00:00,0.04049,0.04148,0.04043,0.0413,1081567.0
2025-07-17 00:30:00,0.04131,0.04167,0.04125,0.04136,1309484.0
2025-07-17 01:00:00,0.04125,0.04159,0.0411,0.04148,961302.0
2025-07-17 01:30:00,0.0415,0.0415,0.04057,0.041,1446568.0
2025-07-17 02:00:00,0.04098,0.04119,0.04068,0.04086,1218744.0
2025-07-17 02:30:00,0.04082,0.04114,0.04069,0.04112,298992.0
2025-07-17 03:00:00,0.04111,0.04119,0.0404,0.04054,466781.0
2025-07-17 03:30:00,0.04052,0.04082,0.04043,0.04074,373751.0
2025-07-17 04:00:00,0.04074,0.04095,0.04056,0.0409,274884.0
2025-07-17 04:30:00,0.04085,0.04127,0.04085,0.04127,409222.0
2025-07-17 05:00:00,0.04125,0.04125,0.04069,0.04082,250381.0
2025-07-17 05:30:00,0.04082,0.04127,0.04078,0.04124,535879.0
2025-07-17 06:00:00,0.04123,0.04128,0.04088,0.04111,390340.0
2025-07-17 06:30:00,0.04114,0.04123,0.04077,0.0409,267181.0
2025-07-17 07:00:00,0.04091,0.04093,0.04053,0.04067,683831.0
2025-07-17 07:30:00,0.0407,0.04109,0.04061,0.04087,465322.0
2025-07-17 08:00:00,0.04087,0.04088,0.04051,0.0406,521609.0
2025-07-17 08:30:00,0.0406,0.0406,0.03996,0.04013,1271702.0
2025-07-17 09:00:00,0.04002,0.04068,0.03977,0.04039,2520063.0
2025-07-17 09:30:00,0.04038,0.0406,0.04012,0.04039,792121.0
2025-07-17 10:00:00,0.04042,0.04052,0.0398,0.03986,2172032.0
2025-07-17 10:30:00,0.03983,0.04002,0.03925,0.03937,2184764.0
2025-07-17 11:00:00,0.03938,0.03985,0.03903,0.0396,3130863.0
2025-07-17 11:30:00,0.03958,0.03971,0.0392,0.03945,1220145.0
2025-07-17 12:00:00,0.03944,0.03987,0.03937,0.03975,1033834.0
2025-07-17 12:30:00,0.03974,0.04043,0.03961,0.04002,1356882.0
2025-07-17 13:00:00,0.03996,0.04022,0.0399,0.03999,439359.0
2025-07-17 13:30:00,0.03996,0.03999,0.03911,0.03957,1027536.0
2025-07-17 14:00:00,0.03958,0.0396,0.03926,0.03954,570978.0
2025-07-17 14:30:00,0.03953,0.04005,0.03951,0.03996,743993.0
2025-07-17 15:00:00,0.04,0.04035,0.03966,0.04,1558780.0
2025-07-17 15:30:00,0.04,0.04015,0.03979,0.03987,384507.0
2025-07-17 16:00:00,0.03982,0.03985,0.0392,0.03933,1125461.0
2025-07-17 16:30:00,0.03931,0.03934,0.03855,0.03891,1041061.0
2025-07-17 17:00:00,0.0389,0.03933,0.03872,0.03913,599850.0
2025-07-17 17:30:00,0.03913,0.03932,0.03889,0.03924,369014.0
2025-07-17 18:00:00,0.03924,0.03938,0.03914,0.03921,373666.0
2025-07-17 18:30:00,0.03921,0.03932,0.0389,0.03895,189093.0
2025-07-17 19:00:00,0.03898,0.0391,0.03864,0.03885,619480.0
2025-07-17 19:30:00,0.03881,0.03889,0.03827,0.03848,1245686.0
2025-07-17 20:00:00,0.03844,0.03849,0.03777,0.03814,2649067.0
2025-07-17 20:30:00,0.03815,0.03869,0.03814,0.03869,660371.0
2025-07-17 21:00:00,0.0387,0.03975,0.03866,0.0394,1294683.0
2025-07-17 21:30:00,0.0394,0.03981,0.03918,0.03948,720491.0
2025-07-17 22:00:00,0.03948,0.03966,0.03924,0.03938,444306.0
2025-07-17 22:30:00,0.03941,0.03966,0.03911,0.03955,321532.0
2025-07-17 23:00:00,0.03955,0.03962,0.03921,0.03948,655281.0
2025-07-17 23:30:00,0.03946,0.03948,0.03882,0.03887,845355.0
2025-07-18 00:00:00,0.03885,0.03928,0.03884,0.03892,1443579.0
2025-07-18 00:30:00,0.03893,0.03961,0.03893,0.03931,1726734.0
2025-07-18 01:00:00,0.03934,0.03944,0.03919,0.03936,557517.0
2025-07-18 01:30:00,0.03934,0.0397,0.03931,0.0396,403367.0
2025-07-18 02:00:00,0.03959,0.03971,0.03938,0.03968,347994.0
2025-07-18 02:30:00,0.03967,0.03967,0.03883,0.03909,1082178.0
2025-07-18 03:00:00,0.0391,0.03924,0.03887,0.03923,466333.0
2025-07-18 03:30:00,0.0392,0.03937,0.03869,0.03905,1279193.0
2025-07-18 04:00:00,0.03903,0.03982,0.03893,0.03976,670423.0
2025-07-18 04:30:00,0.03981,0.03998,0.03961,0.03969,960735.0
2025-07-18 05:00:00,0.03972,0.0401,0.03959,0.0399,1025640.0
2025-07-18 05:30:00,0.03994,0.04007,0.03982,0.04001,370816.0
2025-07-18 06:00:00,0.04001,0.04016,0.03945,0.03967,970361.0
2025-07-18 06:30:00,0.03967,0.03996,0.03951,0.03987,277385.0
2025-07-18 07:00:00,0.03988,0.04006,0.0397,0.03991,965733.0
2025-07-18 07:30:00,0.03992,0.04031,0.03976,0.03993,1261881.0
2025-07-18 08:00:00,0.03994,0.04045,0.03989,0.03994,1605408.0
2025-07-18 08:30:00,0.0399,0.0399,0.03872,0.03923,4005206.0
2025-07-18 09:00:00,0.03921,0.03965,0.03899,0.03962,834580.0
2025-07-18 09:30:00,0.0396,0.03984,0.0395,0.03969,320844.0
2025-07-18 10:00:00,0.03972,0.0399,0.03942,0.03956,568206.0
2025-07-18 10:30:00,0.03957,0.03983,0.0394,0.03975,716945.0
2025-07-18 11:00:00,0.03971,0.03982,0.03881,0.03893,399299.0
2025-07-18 11:30:00,0.03894,0.03901,0.03864,0.03881,746853.0
2025-07-18 12:00:00,0.03879,0.0393,0.03876,0.03927,449246.0
2025-07-18 12:30:00,0.03927,0.03971,0.03921,0.03967,200991.0
2025-07-18 13:00:00,0.03966,0.03987,0.03939,0.03986,368784.0
2025-07-18 13:30:00,0.03983,0.03984,0.03922,0.03922,585594.0
2025-07-18 14:00:00,0.03921,0.03963,0.0388,0.03913,1356871.0
2025-07-18 14:30:00,0.03912,0.0392,0.0382,0.03877,1639797.0
2025-07-18 15:00:00,0.03874,0.03887,0.03758,0.03801,2971697.0
2025-07-18 15:30:00,0.03802,0.03843,0.03776,0.03823,1050195.0
2025-07-18 16:00:00,0.03824,0.03835,0.03796,0.03825,564169.0
2025-07-18 16:30:00,0.03813,0.03845,0.03812,0.03825,518808.0
2025-07-18 17:00:00,0.03825,0.03893,0.03818,0.03885,638964.0
2025-07-18 17:30:00,0.03887,0.03896,0.03856,0.03877,393794.0
2025-07-18 18:00:00,0.0387,0.03878,0.03821,0.0383,199340.0
2025-07-18 18:30:00,0.03832,0.03839,0.0382,0.03827,176771.0
2025-07-18 19:00:00,0.03822,0.03838,0.03782,0.03832,649053.0
2025-07-18 19:30:00,0.03832,0.03841,0.03801,0.03841,585428.0
2025-07-18 20:00:00,0.03844,0.03846,0.03697,0.03735,2367910.0
2025-07-18 20:30:00,0.03736,0.03788,0.0369,0.03777,976592.0
2025-07-18 21:00:00,0.03777,0.03826,0.03776,0.03814,714768.0
2025-07-18 21:30:00,0.03816,0.03835,0.03806,0.03824,253139.0
2025-07-18 22:00:00,0.03831,0.03868,0.03824,0.03865,768811.0
2025-07-18 22:30:00,0.03861,0.03864,0.03791,0.03792,613410.0
2025-07-18 23:00:00,0.03797,0.03817,0.03763,0.03801,641768.0
2025-07-18 23:30:00,0.03803,0.03837,0.038,0.03834,573060.0
2025-07-19 00:00:00,0.03831,0.03867,0.03826,0.03862,338753.0
2025-07-19 00:30:00,0.03857,0.03876,0.03821,0.03821,358946.0
2025-07-19 01:00:00,0.03825,0.03863,0.03786,0.0386,470898.0
2025-07-19 01:30:00,0.03865,0.03883,0.03827,0.03829,2046824.0
2025-07-19 02:00:00,0.03831,0.03873,0.03814,0.0385,594493.0
2025-07-19 02:30:00,0.03852,0.03934,0.03843,0.03906,1693033.0
2025-07-19 03:00:00,0.03904,0.03948,0.03903,0.03948,574042.0
2025-07-19 03:30:00,0.03946,0.03952,0.03911,0.0393,548120.0
2025-07-19 04:00:00,0.0393,0.03946,0.03909,0.03925,294537.0
2025-07-19 04:30:00,0.03922,0.03935,0.03913,0.03921,161849.0
2025-07-19 05:00:00,0.03926,0.0394,0.03914,0.03927,308071.0
2025-07-19 05:30:00,0.03922,0.0395,0.03915,0.03934,193075.0
2025-07-19 06:00:00,0.03931,0.03938,0.03899,0.03905,368599.0
2025-07-19 06:30:00,0.03907,0.0393,0.03906,0.03923,118259.0
2025-07-19 07:00:00,0.03921,0.03995,0.03921,0.03985,2407641.0
2025-07-19 07:30:00,0.03985,0.04044,0.03968,0.0401,3253998.0
2025-07-19 08:00:00,0.04003,0.04025,0.0392,0.03929,1665003.0
2025-07-19 08:30:00,0.03929,0.03947,0.03917,0.03937,449659.0
2025-07-19 09:00:00,0.03936,0.03957,0.03932,0.03949,651904.0
2025-07-19 09:30:00,0.03946,0.03976,0.03946,0.03954,771407.0
2025-07-19 10:00:00,0.03956,0.0398,0.0395,0.03979,376527.0
2025-07-19 10:30:00,0.03979,0.0399,0.0395,0.03955,547154.0
2025-07-19 11:00:00,0.03954,0.04045,0.03948,0.04023,4880601.0
2025-07-19 11:30:00,0.04023,0.0403,0.03959,0.03959,1673115.0
2025-07-19 12:00:00,0.03964,0.04009,0.03958,0.03999,1431009.0
2025-07-19 12:30:00,0.03998,0.04012,0.03988,0.03993,282309.0
2025-07-19 13:00:00,0.03995,0.04036,0.03985,0.04018,640577.0
2025-07-19 13:30:00,0.04022,0.04045,0.04002,0.04025,1106916.0
2025-07-19 14:00:00,0.04029,0.04097,0.04027,0.04067,5350168.0
2025-07-19 14:30:00,0.04064,0.04101,0.04034,0.04052,5241203.0
2025-07-19 15:00:00,0.04052,0.04108,0.03955,0.04015,7002443.0
2025-07-19 15:30:00,0.04018,0.04021,0.03925,0.03943,3223852.0
2025-07-19 16:00:00,0.03943,0.03978,0.03915,0.03969,1397400.0
2025-07-19 16:30:00,0.0397,0.04009,0.03964,0.04006,735930.0
2025-07-19 17:00:00,0.04008,0.04017,0.03946,0.03956,792136.0
2025-07-19 17:30:00,0.03958,0.0396,0.03923,0.03942,564239.0
2025-07-19 18:00:00,0.03938,0.03967,0.0393,0.03957,446290.0
2025-07-19 18:30:00,0.03954,0.03968,0.03933,0.03954,559466.0
2025-07-19 19:00:00,0.03955,0.04033,0.03936,0.04019,1274742.0
2025-07-19 19:30:00,0.04013,0.04039,0.03999,0.04037,1512510.0
2025-07-19 20:00:00,0.04036,0.04088,0.04035,0.04058,2662909.0
2025-07-19 20:30:00,0.04063,0.04066,0.0403,0.04039,595141.0
2025-07-19 21:00:00,0.04034,0.0406,0.03999,0.04034,690781.0
2025-07-19 21:30:00,0.0403,0.04059,0.04002,0.04057,234410.0
2025-07-19 22:00:00,0.04058,0.04078,0.04048,0.04059,1288719.0
2025-07-19 22:30:00,0.04057,0.04082,0.04052,0.04071,268560.0
2025-07-19 23:00:00,0.04068,0.04103,0.04068,0.04096,973097.0
2025-07-19 23:30:00,0.041,0.04116,0.04092,0.04111,1100143.0
2025-07-20 00:00:00,0.04111,0.04131,0.04064,0.04086,1303415.0
2025-07-20 00:30:00,0.04085,0.04117,0.04083,0.04104,420091.0
2025-07-20 01:00:00,0.04103,0.04165,0.04101,0.04156,1793958.0
2025-07-20 01:30:00,0.04154,0.04176,0.04142,0.04155,2734855.0
2025-07-20 02:00:00,0.04154,0.04417,0.04133,0.04365,23529942.0
2025-07-20 02:30:00,0.04368,0.04392,0.04233,0.04312,28990549.0
2025-07-20 03:00:00,0.04309,0.04343,0.04288,0.04315,5634098.0
2025-07-20 03:30:00,0.04314,0.04323,0.04209,0.04235,7723226.0
2025-07-20 04:00:00,0.04236,0.04237,0.04173,0.04186,3218075.0
2025-07-20 04:30:00,0.04188,0.04189,0.04145,0.04146,1720246.0
2025-07-20 05:00:00,0.04148,0.04222,0.04145,0.04186,2222510.0
2025-07-20 05:30:00,0.04186,0.04192,0.04158,0.04181,677669.0
2025-07-20 06:00:00,0.04183,0.04186,0.04136,0.04159,2112297.0
2025-07-20 06:30:00,0.04158,0.04216,0.04143,0.04205,2291370.0
2025-07-20 07:00:00,0.04203,0.04257,0.04203,0.04217,2128330.0
2025-07-20 07:30:00,0.04214,0.04239,0.04203,0.04203,642759.0
2025-07-20 08:00:00,0.04205,0.04256,0.04205,0.04243,527010.0
2025-07-20 08:30:00,0.04245,0.04275,0.04245,0.0426,2094357.0
2025-07-20 09:00:00,0.04259,0.04279,0.04234,0.04259,802064.0
2025-07-20 09:30:00,0.04263,0.04273,0.04235,0.04254,591297.0
2025-07-20 10:00:00,0.04252,0.04265,0.04236,0.0426,470371.0
2025-07-20 10:30:00,0.0426,0.04341,0.04227,0.04273,3446868.0
2025-07-20 11:00:00,0.04272,0.04279,0.04234,0.0426,1979004.0
2025-07-20 11:30:00,0.04261,0.04268,0.04244,0.04263,579961.0
2025-07-20 12:00:00,0.04263,0.0429,0.04254,0.04254,1702160.0
2025-07-20 12:30:00,0.04257,0.04293,0.04251,0.04289,714616.0
2025-07-20 13:00:00,0.0429,0.04298,0.04272,0.04284,703404.0
2025-07-20 13:30:00,0.04285,0.04298,0.04271,0.04289,378768.0
2025-07-20 14:00:00,0.0429,0.0429,0.0421,0.0427,1530600.0
2025-07-20 14:30:00,0.04269,0.04328,0.04265,0.04321,1555560.0
2025-07-20 15:00:00,0.04324,0.04367,0.04314,0.04351,2565131.0
2025-07-20 15:30:00,0.04349,0.04362,0.04302,0.04313,2064457.0
2025-07-20 16:00:00,0.04313,0.04345,0.04312,0.04334,763598.0
2025-07-20 16:30:00,0.0433,0.04331,0.04298,0.04319,1329994.0
2025-07-20 17:00:00,0.04322,0.04354,0.04296,0.04339,1086570.0
2025-07-20 17:30:00,0.04339,0.04354,0.04294,0.0431,1348854.0
2025-07-20 18:00:00,0.0431,0.0433,0.04254,0.04265,924213.0
2025-07-20 18:30:00,0.04267,0.0428,0.04248,0.04267,290629.0
2025-07-20 19:00:00,0.04268,0.04282,0.04258,0.04273,1667010.0
2025-07-20 19:30:00,0.04272,0.04308,0.04257,0.04288,473579.0
2025-07-20 20:00:00,0.04287,0.04342,0.04274,0.04339,648687.0
2025-07-20 20:30:00,0.04339,0.04374,0.04338,0.0436,413544.0
2025-07-20 21:00:00,0.04362,0.04365,0.04282,0.04308,820210.0
2025-07-20 21:30:00,0.04309,0.04325,0.04298,0.04307,385480.0
2025-07-20 22:00:00,0.04308,0.04323,0.04254,0.04276,1108938.0
2025-07-20 22:30:00,0.04278,0.04304,0.04258,0.04292,652943.0
2025-07-20 23:00:00,0.04292,0.04298,0.04257,0.04262,1029550.0
2025-07-20 23:30:00,0.0426,0.04289,0.04246,0.0427,298776.0
2025-07-21 00:00:00,0.04268,0.04275,0.04213,0.04227,1591486.0
2025-07-21 00:30:00,0.04223,0.04227,0.04176,0.04198,1079815.0
2025-07-21 01:00:00,0.04202,0.04231,0.04148,0.0416,2084345.0
2025-07-21 01:30:00,0.04159,0.04185,0.04134,0.04176,632564.0
2025-07-21 02:00:00,0.04177,0.04259,0.04177,0.04248,1136261.0
2025-07-21 02:30:00,0.04248,0.04253,0.04211,0.04239,468796.0
2025-07-21 03:00:00,0.04242,0.04305,0.04231,0.04294,1155207.0
2025-07-21 03:30:00,0.04295,0.04324,0.04291,0.04304,987003.0
2025-07-21 04:00:00,0.04308,0.04318,0.0424,0.0427,1205805.0
2025-07-21 04:30:00,0.0427,0.04294,0.04261,0.04276,273918.0
2025-07-21 05:00:00,0.04275,0.04297,0.04252,0.04293,767043.0
2025-07-21 05:30:00,0.04294,0.04331,0.04292,0.04328,406303.0
2025-07-21 06:00:00,0.04327,0.04336,0.04309,0.04319,791839.0
2025-07-21 06:30:00,0.04321,0.04329,0.0428,0.04297,720822.0
2025-07-21 07:00:00,0.04295,0.04312,0.04284,0.043,326220.0
2025-07-21 07:30:00,0.04302,0.04335,0.0429,0.0429,1741826.0
2025-07-21 08:00:00,0.04296,0.04296,0.04239,0.04278,2135738.0
2025-07-21 08:30:00,0.04279,0.04304,0.04259,0.04282,388284.0
2025-07-21 09:00:00,0.04284,0.04299,0.04268,0.04274,784856.0
2025-07-21 09:30:00,0.04274,0.043,0.04255,0.04299,907136.0
2025-07-21 10:00:00,0.04295,0.04298,0.04255,0.04262,718532.0
2025-07-21 10:30:00,0.04262,0.04323,0.0426,0.04315,367504.0
2025-07-21 11:00:00,0.04316,0.0432,0.04292,0.04312,464003.0
2025-07-21 11:30:00,0.04315,0.04323,0.0429,0.04311,485403.0
2025-07-21 12:00:00,0.04305,0.0431,0.04259,0.04289,436144.0
2025-07-21 12:30:00,0.04292,0.04303,0.04273,0.04287,232967.0
2025-07-21 13:00:00,0.04289,0.04302,0.04251,0.0429,598328.0
2025-07-21 13:30:00,0.04292,0.04312,0.04279,0.04304,1425106.0
2025-07-21 14:00:00,0.04304,0.04312,0.04267,0.04301,547497.0
2025-07-21 14:30:00,0.04298,0.04332,0.04291,0.04306,1034700.0
2025-07-21 15:00:00,0.04306,0.0432,0.04231,0.04248,3286078.0
2025-07-21 15:30:00,0.04243,0.04248,0.04202,0.04213,1360049.0
2025-07-21 16:00:00,0.04213,0.04232,0.04142,0.04189,1825839.0
2025-07-21 16:30:00,0.04188,0.04198,0.0407,0.04128,2741393.0
2025-07-21 17:00:00,0.04126,0.04159,0.04097,0.04099,871907.0
2025-07-21 17:30:00,0.04101,0.04122,0.04052,0.04098,1346020.0
2025-07-21 18:00:00,0.04096,0.0411,0.04036,0.04104,2354177.0
2025-07-21 18:30:00,0.04102,0.04108,0.04052,0.04056,1057959.0
2025-07-21 19:00:00,0.0406,0.04072,0.04006,0.04013,1758140.0
2025-07-21 19:30:00,0.04016,0.04024,0.03954,0.04008,1243871.0
2025-07-21 20:00:00,0.04007,0.04029,0.0399,0.04018,563916.0
2025-07-21 20:30:00,0.04019,0.04037,0.04004,0.04005,599989.0
2025-07-21 21:00:00,0.04004,0.0406,0.03992,0.04045,353971.0
2025-07-21 21:30:00,0.04045,0.04079,0.04042,0.04062,211223.0
2025-07-21 22:00:00,0.04062,0.04069,0.04045,0.04063,138297.0
2025-07-21 22:30:00,0.04063,0.04097,0.04063,0.04096,216481.0
2025-07-21 23:00:00,0.04098,0.04163,0.04078,0.04163,533224.0
2025-07-21 23:30:00,0.04166,0.04206,0.04166,0.04177,649537.0
2025-07-22 00:00:00,0.04178,0.04198,0.04155,0.04184,900869.0
2025-07-22 00:30:00,0.04189,0.04224,0.04164,0.04197,1133533.0
2025-07-22 01:00:00,0.04199,0.04237,0.0416,0.04226,1786107.0
2025-07-22 01:30:00,0.04226,0.04299,0.04217,0.0429,1356663.0
2025-07-22 02:00:00,0.04289,0.0431,0.04272,0.04294,717888.0
2025-07-22 02:30:00,0.04293,0.04295,0.04228,0.04235,856657.0
2025-07-22 03:00:00,0.04235,0.04263,0.04222,0.04247,813693.0
2025-07-22 03:30:00,0.04241,0.04246,0.0417,0.04231,1223886.0
2025-07-22 04:00:00,0.0423,0.04245,0.04197,0.04244,548862.0
2025-07-22 04:30:00,0.04245,0.04308,0.04236,0.0425,1833989.0
2025-07-22 05:00:00,0.04252,0.04358,0.04237,0.04324,1685687.0
2025-07-22 05:30:00,0.04324,0.04329,0.04253,0.04311,1187613.0
2025-07-22 06:00:00,0.04315,0.04366,0.04296,0.04352,564714.0
2025-07-22 06:30:00,0.04351,0.0438,0.04326,0.04327,695156.0
2025-07-22 07:00:00,0.04334,0.04358,0.04324,0.04358,327528.0
2025-07-22 07:30:00,0.04349,0.04383,0.04307,0.04308,886888.0
2025-07-22 08:00:00,0.04308,0.04316,0.04203,0.0422,1370866.0
2025-07-22 08:30:00,0.04222,0.04405,0.04212,0.04392,4169549.0
2025-07-22 09:00:00,0.04388,0.04512,0.04371,0.0444,10137296.0
2025-07-22 09:30:00,0.0444,0.04456,0.04382,0.04421,3594522.0
2025-07-22 10:00:00,0.0442,0.04439,0.04392,0.04403,1909849.0
2025-07-22 10:30:00,0.04404,0.04435,0.04396,0.04428,891183.0
2025-07-22 11:00:00,0.04422,0.04461,0.04394,0.04405,1012763.0
2025-07-22 11:30:00,0.04407,0.04456,0.04401,0.0444,818772.0
2025-07-22 12:00:00,0.04437,0.04441,0.04408,0.04418,1216581.0
2025-07-22 12:30:00,0.04415,0.04418,0.04375,0.04385,1486258.0
2025-07-22 13:00:00,0.0439,0.04403,0.04372,0.04388,570442.0
2025-07-22 13:30:00,0.04386,0.04414,0.0428,0.04309,2824984.0
2025-07-22 14:00:00,0.04313,0.04338,0.04268,0.04338,1603716.0
2025-07-22 14:30:00,0.04336,0.04414,0.04335,0.04385,1239966.0
2025-07-22 15:00:00,0.04387,0.04399,0.0433,0.04336,691645.0
2025-07-22 15:30:00,0.04337,0.0434,0.04301,0.04308,400271.0
2025-07-22 16:00:00,0.04312,0.04349,0.04295,0.0434,503948.0
2025-07-22 16:30:00,0.04342,0.04363,0.04335,0.04359,552131.0
2025-07-22 17:00:00,0.04361,0.04375,0.04258,0.04289,1058889.0
2025-07-22 17:30:00,0.04289,0.04313,0.04277,0.04291,399664.0
2025-07-22 18:00:00,0.04287,0.04338,0.04281,0.04333,286312.0
2025-07-22 18:30:00,0.04328,0.04367,0.04316,0.04344,477430.0
2025-07-22 19:00:00,0.04343,0.0437,0.04332,0.04359,362025.0
2025-07-22 19:30:00,0.04359,0.04374,0.04342,0.04363,376175.0
2025-07-22 20:00:00,0.04366,0.04457,0.04365,0.04438,2545496.0
2025-07-22 20:30:00,0.04437,0.04527,0.04417,0.04517,5676060.0
2025-07-22 21:00:00,0.04512,0.0458,0.04453,0.04556,8406300.0
2025-07-22 21:30:00,0.04556,0.04631,0.04505,0.04599,8702641.0
2025-07-22 22:00:00,0.04599,0.04622,0.0447,0.04483,4712091.0
2025-07-22 22:30:00,0.04481,0.0453,0.04471,0.04503,2377147.0
2025-07-22 23:00:00,0.04505,0.04557,0.04505,0.04543,1158587.0
2025-07-22 23:30:00,0.04543,0.04669,0.04543,0.04624,5096498.0
2025-07-23 00:00:00,0.04624,0.04625,0.04547,0.04567,2298454.0
2025-07-23 00:30:00,0.0457,0.04633,0.04549,0.04627,1828707.0
2025-07-23 01:00:00,0.04624,0.04682,0.04595,0.04607,3823436.0
2025-07-23 01:30:00,0.04605,0.04623,0.04573,0.04619,2066137.0
2025-07-23 02:00:00,0.04619,0.04624,0.04505,0.04518,3139397.0
2025-07-23 02:30:00,0.0452,0.04565,0.04508,0.0452,1286411.0
2025-07-23 03:00:00,0.04525,0.04577,0.04522,0.04571,1002384.0
2025-07-23 03:30:00,0.04571,0.04654,0.04536,0.0465,1409524.0
2025-07-23 04:00:00,0.04652,0.04761,0.04621,0.04739,1913450.0
2025-07-23 04:30:00,0.04744,0.04783,0.04682,0.04682,3847995.0
2025-07-23 05:00:00,0.04689,0.04708,0.0465,0.04663,675153.0
2025-07-23 05:30:00,0.04667,0.04692,0.04657,0.04666,293543.0
2025-07-23 06:00:00,0.04667,0.04672,0.04554,0.04584,1512190.0
2025-07-23 06:30:00,0.04589,0.04613,0.04572,0.04607,344258.0
2025-07-23 07:00:00,0.04608,0.04654,0.04574,0.0461,1267875.0
2025-07-23 07:30:00,0.04607,0.04621,0.04509,0.04542,1436119.0
2025-07-23 08:00:00,0.04544,0.04574,0.04539,0.04566,835676.0
2025-07-23 08:30:00,0.04564,0.04592,0.04552,0.04573,941628.0
2025-07-23 09:00:00,0.04575,0.04584,0.0454,0.04557,776817.0
2025-07-23 09:30:00,0.0455,0.04572,0.04514,0.04521,823685.0
2025-07-23 10:00:00,0.04518,0.04521,0.04462,0.04494,958429.0
2025-07-23 10:30:00,0.04496,0.04537,0.04483,0.04529,507871.0
2025-07-23 11:00:00,0.04526,0.04532,0.04486,0.04517,1044001.0
2025-07-23 11:30:00,0.04521,0.04598,0.04518,0.04589,1320451.0
2025-07-23 12:00:00,0.04592,0.0464,0.04579,0.04625,1769061.0
2025-07-23 12:30:00,0.04626,0.04692,0.04549,0.04592,2952849.0
2025-07-23 13:00:00,0.046,0.04685,0.04586,0.0467,1774342.0
2025-07-23 13:30:00,0.04676,0.04678,0.04477,0.04574,2687012.0
2025-07-23 14:00:00,0.04569,0.04771,0.04565,0.04734,4068846.0
2025-07-23 14:30:00,0.04736,0.048,0.04697,0.04748,2943924.0
2025-07-23 15:00:00,0.04748,0.04755,0.04525,0.04553,4025170.0
2025-07-23 15:30:00,0.04557,0.04628,0.0455,0.0461,1328653.0
2025-07-23 16:00:00,0.04612,0.04662,0.04592,0.04624,1183446.0
2025-07-23 16:30:00,0.0462,0.04682,0.04545,0.04548,2624677.0
2025-07-23 17:00:00,0.04555,0.04617,0.04469,0.04575,3098521.0
2025-07-23 17:30:00,0.04578,0.04636,0.04524,0.04576,1720874.0
2025-07-23 18:00:00,0.04572,0.04577,0.04519,0.04522,524739.0
2025-07-23 18:30:00,0.04523,0.04622,0.04517,0.04587,744479.0
2025-07-23 19:00:00,0.04582,0.04613,0.04548,0.04581,689859.0
2025-07-23 19:30:00,0.04576,0.04605,0.04538,0.04539,454065.0
2025-07-23 20:00:00,0.04544,0.04588,0.04516,0.04563,2398907.0
2025-07-23 20:30:00,0.04566,0.04652,0.0452,0.04635,2272648.0
2025-07-23 21:00:00,0.04629,0.04639,0.04444,0.04502,2744754.0
2025-07-23 21:30:00,0.04503,0.04723,0.0447,0.04718,3559410.0
2025-07-23 22:00:00,0.04714,0.04759,0.04617,0.04653,4103250.0
2025-07-23 22:30:00,0.04657,0.04658,0.04586,0.04606,655653.0
2025-07-23 23:00:00,0.04606,0.04616,0.04524,0.0454,695091.0
2025-07-23 23:30:00,0.04541,0.04542,0.0449,0.045,453788.0
2025-07-24 00:00:00,0.04501,0.04605,0.04491,0.04604,628410.0
2025-07-24 00:30:00,0.04597,0.04606,0.04511,0.04537,2367252.0
2025-07-24 01:00:00,0.04536,0.04541,0.04454,0.04477,1827794.0
2025-07-24 01:30:00,0.04477,0.04507,0.04458,0.04487,666974.0
2025-07-24 02:00:00,0.04494,0.04533,0.04486,0.04524,357921.0
2025-07-24 02:30:00,0.04528,0.04601,0.04524,0.0456,411589.0
2025-07-24 03:00:00,0.04563,0.04563,0.04492,0.04528,851258.0
2025-07-24 03:30:00,0.0453,0.04538,0.04461,0.04467,602539.0
2025-07-24 04:00:00,0.04466,0.04505,0.04456,0.04463,555348.0
2025-07-24 04:30:00,0.04461,0.04471,0.04316,0.0433,3342081.0
2025-07-24 05:00:00,0.04332,0.04346,0.04271,0.04301,1732249.0
2025-07-24 05:30:00,0.04301,0.04326,0.04248,0.04252,1332314.0
2025-07-24 06:00:00,0.04249,0.04293,0.04246,0.04291,750834.0
2025-07-24 06:30:00,0.0429,0.0432,0.04204,0.0425,2456065.0
2025-07-24 07:00:00,0.04249,0.04365,0.04163,0.04354,1907345.0
2025-07-24 07:30:00,0.04355,0.04426,0.04348,0.04426,506338.0
2025-07-24 08:00:00,0.04427,0.04547,0.04381,0.04487,1195978.0
2025-07-24 08:30:00,0.04487,0.04495,0.04449,0.04472,339029.0
2025-07-24 09:00:00,0.04477,0.04492,0.0445,0.04478,347764.0
2025-07-24 09:30:00,0.04481,0.04486,0.04434,0.04456,256566.0
2025-07-24 10:00:00,0.04453,0.0452,0.04382,0.044,3026720.0
2025-07-24 10:30:00,0.044,0.04405,0.04355,0.04369,494915.0
2025-07-24 11:00:00,0.04369,0.04438,0.0436,0.04431,974507.0
2025-07-24 11:30:00,0.04431,0.04437,0.044,0.04425,588832.0
2025-07-24 12:00:00,0.04425,0.04493,0.0442,0.04473,2549453.0
2025-07-24 12:30:00,0.04471,0.04483,0.0444,0.04463,826697.0
2025-07-24 13:00:00,0.04459,0.04509,0.04447,0.0446,1108289.0
2025-07-24 13:30:00,0.04455,0.04529,0.04441,0.04449,1300476.0
2025-07-24 14:00:00,0.0445,0.04489,0.04406,0.04432,1065248.0
2025-07-24 14:30:00,0.04434,0.04549,0.04429,0.04541,870583.0
2025-07-24 15:00:00,0.04541,0.04556,0.0438,0.0439,1745306.0
2025-07-24 15:30:00,0.04383,0.04399,0.04333,0.04372,1443011.0
2025-07-24 16:00:00,0.04374,0.04374,0.043,0.04306,729212.0
2025-07-24 16:30:00,0.04306,0.0435,0.04275,0.04303,782052.0
2025-07-24 17:00:00,0.04303,0.04409,0.04292,0.04396,461801.0
2025-07-24 17:30:00,0.04398,0.04455,0.04349,0.04391,1501774.0
2025-07-24 18:00:00,0.04392,0.0444,0.04336,0.04431,1002947.0
2025-07-24 18:30:00,0.04438,0.04496,0.0442,0.04478,500497.0
2025-07-24 19:00:00,0.04477,0.04489,0.04456,0.04475,236851.0
2025-07-24 19:30:00,0.04479,0.04505,0.04458,0.04481,396415.0
2025-07-24 20:00:00,0.04481,0.04484,0.04445,0.04476,241369.0
2025-07-24 20:30:00,0.04474,0.04494,0.04468,0.04483,178496.0
2025-07-24 21:00:00,0.04478,0.04479,0.04375,0.04412,891831.0
2025-07-24 21:30:00,0.04408,0.0442,0.04362,0.0438,973245.0
2025-07-24 22:00:00,0.04387,0.04402,0.04361,0.0438,854615.0
2025-07-24 22:30:00,0.04379,0.04404,0.04371,0.04391,430803.0
2025-07-24 23:00:00,0.04389,0.04389,0.0433,0.04338,497687.0
2025-07-24 23:30:00,0.04337,0.04376,0.04317,0.04375,435333.0
2025-07-25 00:00:00,0.04375,0.04381,0.0433,0.04371,536968.0
2025-07-25 00:30:00,0.04374,0.044,0.0433,0.04339,682382.0
2025-07-25 01:00:00,0.04331,0.04361,0.04326,0.04355,405815.0
2025-07-25 01:30:00,0.04351,0.04368,0.04312,0.04321,628065.0
2025-07-25 02:00:00,0.04321,0.04379,0.04309,0.04376,433110.0
2025-07-25 02:30:00,0.04376,0.04405,0.04305,0.04338,1279321.0
2025-07-25 03:00:00,0.0433,0.0439,0.04311,0.04315,1802611.0
2025-07-25 03:30:00,0.04312,0.04382,0.04274,0.04332,1267499.0
2025-07-25 04:00:00,0.04329,0.04366,0.04322,0.04354,470053.0
2025-07-25 04:30:00,0.04356,0.0442,0.04345,0.04414,1205384.0
2025-07-25 05:00:00,0.04416,0.04419,0.04377,0.04387,443426.0
2025-07-25 05:30:00,0.0439,0.04393,0.04358,0.04369,129405.0
2025-07-25 06:00:00,0.04374,0.0438,0.04348,0.04377,322875.0
2025-07-25 06:30:00,0.04378,0.04438,0.04371,0.04434,878390.0
2025-07-25 07:00:00,0.04438,0.04461,0.04403,0.04441,362777.0
2025-07-25 07:30:00,0.04439,0.04461,0.04407,0.04456,353648.0
2025-07-25 08:00:00,0.04458,0.04503,0.04457,0.04491,475965.0
2025-07-25 08:30:00,0.04489,0.04502,0.04431,0.04437,591855.0
2025-07-25 09:00:00,0.0444,0.04541,0.04418,0.0454,1837370.0
2025-07-25 09:30:00,0.04539,0.04565,0.04502,0.04544,1395848.0
2025-07-25 10:00:00,0.04545,0.04557,0.04515,0.04522,1393256.0
2025-07-25 10:30:00,0.04524,0.04557,0.04524,0.04536,281914.0
2025-07-25 11:00:00,0.04539,0.04626,0.04533,0.04604,1482164.0
2025-07-25 11:30:00,0.04604,0.04791,0.04593,0.0476,8320309.0
2025-07-25 12:00:00,0.0476,0.04772,0.04575,0.04653,7487310.0
2025-07-25 12:30:00,0.04655,0.04733,0.04642,0.04727,1702093.0
2025-07-25 13:00:00,0.04728,0.04746,0.04704,0.04708,510006.0
2025-07-25 13:30:00,0.04704,0.04714,0.04639,0.04655,880975.0
2025-07-25 14:00:00,0.04656,0.04662,0.04611,0.04629,498570.0
2025-07-25 14:30:00,0.04632,0.04649,0.04468,0.04489,6295154.0
2025-07-25 15:00:00,0.04489,0.04493,0.04453,0.04463,808644.0
2025-07-25 15:30:00,0.04465,0.04468,0.0438,0.04427,816142.0
2025-07-25 16:00:00,0.04431,0.04443,0.04395,0.04405,678909.0
2025-07-25 16:30:00,0.04405,0.04457,0.044,0.04446,345526.0
2025-07-25 17:00:00,0.04441,0.04446,0.04403,0.04441,502490.0
2025-07-25 17:30:00,0.04442,0.04455,0.044,0.04413,390521.0
2025-07-25 18:00:00,0.0441,0.04434,0.04398,0.04434,190002.0
2025-07-25 18:30:00,0.04432,0.04455,0.04418,0.04433,168350.0
2025-07-25 19:00:00,0.04431,0.04441,0.04414,0.04426,138789.0
2025-07-25 19:30:00,0.04424,0.04517,0.04423,0.04484,1223102.0
2025-07-25 20:00:00,0.04484,0.04523,0.04477,0.04518,344225.0
2025-07-25 20:30:00,0.04519,0.04566,0.0451,0.04554,529631.0
2025-07-25 21:00:00,0.04551,0.04671,0.04546,0.04665,1552323.0
2025-07-25 21:30:00,0.04665,0.04667,0.04637,0.04651,649628.0
2025-07-25 22:00:00,0.0465,0.04666,0.04639,0.04666,192193.0
2025-07-25 22:30:00,0.04659,0.04667,0.04639,0.04646,595247.0
2025-07-25 23:00:00,0.04649,0.04694,0.04639,0.04677,290290.0
2025-07-25 23:30:00,0.04676,0.04766,0.04668,0.04742,594056.0
2025-07-26 00:00:00,0.04745,0.04798,0.04651,0.04673,3063192.0
2025-07-26 00:30:00,0.04676,0.04683,0.04655,0.04672,435525.0
2025-07-26 01:00:00,0.04674,0.04681,0.04644,0.04655,608375.0
2025-07-26 01:30:00,0.04659,0.04676,0.04649,0.04669,310920.0
2025-07-26 02:00:00,0.04671,0.04738,0.04656,0.04681,625442.0
2025-07-26 02:30:00,0.04688,0.04704,0.04649,0.04653,280159.0
2025-07-26 03:00:00,0.04653,0.04667,0.0464,0.0465,550706.0
2025-07-26 03:30:00,0.04652,0.04656,0.04597,0.04597,609556.0
2025-07-26 04:00:00,0.046,0.04606,0.0456,0.04606,474341.0
2025-07-26 04:30:00,0.04603,0.04619,0.04596,0.04608,223439.0
2025-07-26 05:00:00,0.04601,0.04646,0.046,0.04646,274781.0
2025-07-26 05:30:00,0.04646,0.04654,0.04622,0.04627,228520.0
2025-07-26 06:00:00,0.04623,0.04634,0.04609,0.04617,245295.0
2025-07-26 06:30:00,0.04617,0.04619,0.04582,0.04609,562707.0
2025-07-26 07:00:00,0.04609,0.04616,0.04591,0.04591,135883.0
2025-07-26 07:30:00,0.04591,0.04604,0.04585,0.04594,290914.0
2025-07-26 08:00:00,0.04595,0.04631,0.04587,0.04596,467830.0
2025-07-26 08:30:00,0.04599,0.04609,0.04569,0.04606,486159.0
2025-07-26 09:00:00,0.0461,0.04615,0.04584,0.04586,322237.0
2025-07-26 09:30:00,0.04584,0.04692,0.04584,0.04678,1503227.0
2025-07-26 10:00:00,0.04675,0.04683,0.04639,0.04654,222060.0
2025-07-26 10:30:00,0.04649,0.04667,0.04632,0.04644,208340.0
2025-07-26 11:00:00,0.04639,0.04779,0.04635,0.04739,2176947.0
2025-07-26 11:30:00,0.04741,0.04764,0.0472,0.04735,660639.0
2025-07-26 12:00:00,0.04736,0.04745,0.04703,0.04728,244805.0
2025-07-26 12:30:00,0.04735,0.04764,0.0472,0.04761,536622.0
2025-07-26 13:00:00,0.04764,0.04764,0.04682,0.04724,901134.0
2025-07-26 13:30:00,0.04717,0.04723,0.04636,0.0464,410957.0
2025-07-26 14:00:00,0.04642,0.04679,0.04625,0.04675,766330.0
2025-07-26 14:30:00,0.04672,0.04722,0.04649,0.04672,2283261.0
2025-07-26 15:00:00,0.04671,0.04693,0.04624,0.04647,1100869.0
2025-07-26 15:30:00,0.04641,0.04732,0.04639,0.04732,469667.0
2025-07-26 16:00:00,0.04734,0.04792,0.0471,0.04771,1617229.0
2025-07-26 16:30:00,0.04768,0.0494,0.04668,0.04745,7717183.0
2025-07-26 17:00:00,0.04745,0.04825,0.04731,0.0482,1521798.0
2025-07-26 17:30:00,0.04816,0.04995,0.048,0.04936,4240079.0
2025-07-26 18:00:00,0.04943,0.04968,0.0484,0.0486,3533998.0
2025-07-26 18:30:00,0.04861,0.04877,0.04768,0.04777,1704266.0
2025-07-26 19:00:00,0.04775,0.04814,0.04726,0.04737,774654.0
2025-07-26 19:30:00,0.04736,0.04766,0.04694,0.04707,644551.0
2025-07-26 20:00:00,0.04704,0.04714,0.0468,0.04695,214214.0
2025-07-26 20:30:00,0.04688,0.04765,0.04675,0.0468,475507.0
2025-07-26 21:00:00,0.04678,0.0472,0.04654,0.04711,392885.0
2025-07-26 21:30:00,0.04708,0.04712,0.0467,0.04671,167897.0
2025-07-26 22:00:00,0.04674,0.0472,0.0465,0.047,402578.0
2025-07-26 22:30:00,0.04697,0.04714,0.04667,0.04682,259597.0
2025-07-26 23:00:00,0.04683,0.04701,0.04655,0.04686,247602.0
2025-07-26 23:30:00,0.04681,0.04688,0.0455,0.046,6501773.0
2025-07-27 00:00:00,0.046,0.04673,0.04586,0.046,871319.0
2025-07-27 00:30:00,0.04604,0.04617,0.04559,0.04589,244136.0
2025-07-27 01:00:00,0.04586,0.04628,0.04538,0.04595,797718.0
2025-07-27 01:30:00,0.04592,0.04592,0.04548,0.04564,158321.0
2025-07-27 02:00:00,0.04557,0.04563,0.04529,0.04553,602655.0
2025-07-27 02:30:00,0.04553,0.04556,0.0451,0.04537,614644.0
2025-07-27 03:00:00,0.04541,0.04555,0.0451,0.04527,208715.0
2025-07-27 03:30:00,0.04529,0.04529,0.04487,0.04497,351624.0
2025-07-27 04:00:00,0.04493,0.04529,0.04486,0.04506,972206.0
2025-07-27 04:30:00,0.04513,0.04538,0.04509,0.04519,260494.0
2025-07-27 05:00:00,0.04521,0.04525,0.04476,0.04504,342994.0
2025-07-27 05:30:00,0.04504,0.04572,0.04503,0.04533,548078.0
2025-07-27 06:00:00,0.04531,0.04553,0.04496,0.04498,652821.0
2025-07-27 06:30:00,0.04501,0.04546,0.04479,0.04526,549105.0
2025-07-27 07:00:00,0.04521,0.04573,0.04505,0.04539,181216.0
2025-07-27 07:30:00,0.04538,0.04538,0.04511,0.04533,143165.0
2025-07-27 08:00:00,0.04533,0.04555,0.0451,0.04519,570589.0
2025-07-27 08:30:00,0.04517,0.04523,0.0448,0.04515,508320.0
2025-07-27 09:00:00,0.04511,0.04513,0.04453,0.04467,573628.0
2025-07-27 09:30:00,0.04462,0.0448,0.04427,0.04471,764901.0
2025-07-27 10:00:00,0.04471,0.04487,0.04447,0.04485,753565.0
2025-07-27 10:30:00,0.04483,0.04501,0.04476,0.04483,204606.0
2025-07-27 11:00:00,0.04486,0.04552,0.04482,0.04545,323233.0
2025-07-27 11:30:00,0.04545,0.04559,0.04443,0.04449,1093260.0
2025-07-27 12:00:00,0.04455,0.04502,0.04455,0.04487,417022.0
2025-07-27 12:30:00,0.04487,0.04537,0.0448,0.04529,596151.0
2025-07-27 13:00:00,0.04529,0.04573,0.04525,0.04554,416846.0
2025-07-27 13:30:00,0.04556,0.04562,0.04517,0.04524,418053.0
2025-07-27 14:00:00,0.04528,0.04569,0.04518,0.04523,551847.0
2025-07-27 14:30:00,0.04523,0.04557,0.04518,0.04536,209897.0
2025-07-27 15:00:00,0.04523,0.04533,0.04489,0.04515,411072.0
2025-07-27 15:30:00,0.04514,0.0454,0.04509,0.04538,231976.0
2025-07-27 16:00:00,0.04536,0.04586,0.04519,0.04577,1293440.0
2025-07-27 16:30:00,0.04577,0.04589,0.04534,0.04556,862939.0
2025-07-27 17:00:00,0.04557,0.04577,0.04538,0.04564,436031.0
2025-07-27 17:30:00,0.04564,0.04565,0.04531,0.04543,567622.0
2025-07-27 18:00:00,0.04543,0.04599,0.04538,0.04582,1526432.0
2025-07-27 18:30:00,0.0458,0.0459,0.04522,0.04527,505247.0
2025-07-27 19:00:00,0.04528,0.04537,0.04493,0.04512,379095.0
2025-07-27 19:30:00,0.0451,0.0453,0.04501,0.04509,264464.0
2025-07-27 20:00:00,0.04508,0.04546,0.04506,0.04537,348625.0
2025-07-27 20:30:00,0.04539,0.0454,0.04516,0.04516,188964.0
2025-07-27 21:00:00,0.0452,0.04532,0.04487,0.04501,673493.0
2025-07-27 21:30:00,0.04503,0.04545,0.04503,0.04529,330728.0
2025-07-27 22:00:00,0.0453,0.04558,0.04502,0.04532,450645.0
2025-07-27 22:30:00,0.04531,0.04559,0.04506,0.04511,292459.0
2025-07-27 23:00:00,0.04515,0.04515,0.0444,0.04442,864472.0
2025-07-27 23:30:00,0.04442,0.04442,0.04418,0.0443,445242.0
2025-07-28 00:00:00,0.0443,0.0449,0.04407,0.04447,502556.0
2025-07-28 00:30:00,0.0445,0.04458,0.04418,0.04427,468692.0
2025-07-28 01:00:00,0.04422,0.04436,0.04404,0.04425,178570.0
2025-07-28 01:30:00,0.04424,0.04428,0.04408,0.0442,225418.0
2025-07-28 02:00:00,0.04428,0.0452,0.04413,0.04506,845411.0
2025-07-28 02:30:00,0.04504,0.04598,0.04501,0.04561,2236586.0
2025-07-28 03:00:00,0.04568,0.04578,0.04499,0.04516,811200.0
2025-07-28 03:30:00,0.0452,0.04542,0.04516,0.04534,227787.0
2025-07-28 04:00:00,0.04537,0.04544,0.04492,0.04505,279954.0
2025-07-28 04:30:00,0.04505,0.04526,0.04457,0.04492,1999278.0
2025-07-28 05:00:00,0.04493,0.04545,0.04464,0.04533,1124402.0
2025-07-28 05:30:00,0.04536,0.04536,0.04501,0.04527,491313.0
2025-07-28 06:00:00,0.0452,0.04534,0.04509,0.04516,686476.0
2025-07-28 06:30:00,0.04508,0.0453,0.04487,0.04498,1249361.0
2025-07-28 07:00:00,0.045,0.04509,0.04465,0.04506,368306.0
2025-07-28 07:30:00,0.04506,0.04537,0.04482,0.04536,439603.0
2025-07-28 08:00:00,0.04533,0.0454,0.04503,0.04508,282189.0
2025-07-28 08:30:00,0.04508,0.04526,0.04485,0.04513,226838.0
2025-07-28 09:00:00,0.04507,0.04521,0.0448,0.04483,256057.0
2025-07-28 09:30:00,0.04486,0.04531,0.04467,0.04531,323253.0
2025-07-28 10:00:00,0.04529,0.04539,0.04494,0.04526,318933.0
2025-07-28 10:30:00,0.04521,0.04531,0.04492,0.04529,339056.0
2025-07-28 11:00:00,0.04529,0.0454,0.0451,0.04518,238435.0
2025-07-28 11:30:00,0.04515,0.04545,0.04506,0.04531,178302.0
2025-07-28 12:00:00,0.04534,0.04563,0.04509,0.04534,303133.0
2025-07-28 12:30:00,0.04539,0.04548,0.04507,0.04514,159525.0
2025-07-28 13:00:00,0.04511,0.0454,0.04454,0.04462,1535946.0
2025-07-28 13:30:00,0.04464,0.04494,0.0443,0.04435,593149.0
2025-07-28 14:00:00,0.04437,0.04441,0.04406,0.04419,363529.0
2025-07-28 14:30:00,0.04419,0.04489,0.04416,0.04464,601887.0
2025-07-28 15:00:00,0.04459,0.04477,0.04381,0.044,658994.0
2025-07-28 15:30:00,0.04396,0.04412,0.04356,0.04396,461378.0
2025-07-28 16:00:00,0.0439,0.04403,0.04367,0.04401,452437.0
2025-07-28 16:30:00,0.04399,0.04414,0.04384,0.04384,119477.0
2025-07-28 17:00:00,0.04384,0.04396,0.04366,0.04392,278950.0
2025-07-28 17:30:00,0.04393,0.044,0.04367,0.0439,328948.0
2025-07-28 18:00:00,0.04394,0.04444,0.04389,0.04409,795871.0
2025-07-28 18:30:00,0.0441,0.04414,0.04385,0.04395,197758.0
2025-07-28 19:00:00,0.04391,0.04443,0.04391,0.04403,427706.0
2025-07-28 19:30:00,0.04403,0.04403,0.04341,0.04379,544981.0
2025-07-28 20:00:00,0.0438,0.04396,0.0434,0.0434,372738.0
2025-07-28 20:30:00,0.04337,0.04357,0.04304,0.04307,533748.0
2025-07-28 21:00:00,0.04304,0.04332,0.0428,0.0431,743264.0
2025-07-28 21:30:00,0.04302,0.04408,0.04302,0.04324,750143.0
2025-07-28 22:00:00,0.04317,0.0437,0.04303,0.0432,298550.0
2025-07-28 22:30:00,0.04324,0.04324,0.04217,0.04224,3679111.0
2025-07-28 23:00:00,0.04221,0.0426,0.04217,0.04227,632716.0
2025-07-28 23:30:00,0.04224,0.04243,0.04201,0.04238,297017.0
2025-07-29 00:00:00,0.0424,0.0426,0.04226,0.04236,316675.0
2025-07-29 00:30:00,0.04231,0.04233,0.04124,0.04179,992292.0
2025-07-29 01:00:00,0.04175,0.04216,0.04168,0.04196,312538.0
2025-07-29 01:30:00,0.042,0.04209,0.04138,0.0416,353220.0
2025-07-29 02:00:00,0.0416,0.0418,0.04111,0.04163,428631.0
2025-07-29 02:30:00,0.04169,0.04172,0.04123,0.04149,377946.0
2025-07-29 03:00:00,0.04144,0.04187,0.04138,0.04154,227270.0
2025-07-29 03:30:00,0.04157,0.04189,0.04137,0.04163,708606.0
2025-07-29 04:00:00,0.04164,0.04183,0.04125,0.04141,453273.0
2025-07-29 04:30:00,0.04142,0.04171,0.0412,0.04138,531254.0
2025-07-29 05:00:00,0.04135,0.04151,0.04126,0.04138,197929.0
2025-07-29 05:30:00,0.04141,0.04156,0.04131,0.04142,155235.0
2025-07-29 06:00:00,0.04143,0.0418,0.04137,0.04171,312870.0
2025-07-29 06:30:00,0.04169,0.04195,0.04159,0.04174,725011.0
2025-07-29 07:00:00,0.04177,0.04198,0.04137,0.04147,550027.0
2025-07-29 07:30:00,0.04149,0.04178,0.04137,0.04163,727001.0
2025-07-29 08:00:00,0.04162,0.04169,0.04129,0.04131,310314.0
2025-07-29 08:30:00,0.04134,0.04163,0.0413,0.04157,1095858.0
2025-07-29 09:00:00,0.04156,0.04184,0.04136,0.04142,528124.0
2025-07-29 09:30:00,0.04145,0.04199,0.04123,0.04171,798193.0
2025-07-29 10:00:00,0.04171,0.04175,0.04117,0.04141,597995.0
2025-07-29 10:30:00,0.04141,0.04147,0.04108,0.04129,365723.0
2025-07-29 11:00:00,0.04132,0.04168,0.04128,0.04162,232179.0
2025-07-29 11:30:00,0.04164,0.04236,0.04164,0.04236,368937.0
2025-07-29 12:00:00,0.04231,0.04231,0.04168,0.04199,467563.0
2025-07-29 12:30:00,0.04191,0.04211,0.04168,0.042,297362.0
2025-07-29 13:00:00,0.042,0.04288,0.042,0.04236,1557552.0
2025-07-29 13:30:00,0.04238,0.04238,0.04114,0.04122,1869513.0
2025-07-29 14:00:00,0.04124,0.0417,0.04083,0.0416,1065717.0
2025-07-29 14:30:00,0.04156,0.04186,0.04095,0.04124,1387472.0
2025-07-29 15:00:00,0.04123,0.04134,0.04053,0.0413,2081208.0
2025-07-29 15:30:00,0.0413,0.04159,0.04104,0.04138,467900.0
2025-07-29 16:00:00,0.04138,0.04189,0.04132,0.04174,250954.0
2025-07-29 16:30:00,0.04176,0.04186,0.04148,0.04169,444140.0
2025-07-29 17:00:00,0.04168,0.04194,0.04162,0.04175,356093.0
2025-07-29 17:30:00,0.04171,0.04187,0.04142,0.04165,264273.0
2025-07-29 18:00:00,0.04164,0.04184,0.0416,0.04182,116687.0
2025-07-29 18:30:00,0.04181,0.042,0.04179,0.04185,139053.0
2025-07-29 19:00:00,0.04185,0.04197,0.0415,0.0415,269034.0
2025-07-29 19:30:00,0.0415,0.04171,0.04138,0.04143,210235.0
2025-07-29 20:00:00,0.04142,0.0417,0.04084,0.04142,484769.0
2025-07-29 20:30:00,0.04144,0.04146,0.04102,0.04129,101058.0
2025-07-29 21:00:00,0.04134,0.04143,0.04101,0.04123,122195.0
2025-07-29 21:30:00,0.04119,0.04235,0.04119,0.04208,339831.0
2025-07-29 22:00:00,0.04205,0.04205,0.04143,0.04174,735298.0
2025-07-29 22:30:00,0.04174,0.04192,0.04162,0.04192,173510.0
2025-07-29 23:00:00,0.04189,0.0422,0.04156,0.0418,1145130.0
2025-07-29 23:30:00,0.04184,0.04193,0.04152,0.04177,380140.0
2025-07-30 00:00:00,0.04182,0.04187,0.04131,0.04146,546810.0
2025-07-30 00:30:00,0.04144,0.0415,0.04073,0.04087,1189136.0
2025-07-30 01:00:00,0.04095,0.04106,0.04039,0.04063,560417.0
2025-07-30 01:30:00,0.04063,0.04146,0.04063,0.04137,357952.0
2025-07-30 02:00:00,0.04138,0.04196,0.04137,0.04177,302906.0
2025-07-30 02:30:00,0.04176,0.04194,0.04163,0.04173,215388.0
2025-07-30 03:00:00,0.04174,0.04178,0.04122,0.04125,288367.0
2025-07-30 03:30:00,0.04126,0.04159,0.04126,0.04137,145535.0
2025-07-30 04:00:00,0.04137,0.04151,0.04128,0.04128,140282.0
2025-07-30 04:30:00,0.04126,0.04137,0.04094,0.04137,187101.0
2025-07-30 05:00:00,0.04139,0.0416,0.04104,0.04156,340893.0
2025-07-30 05:30:00,0.04152,0.04187,0.0415,0.04187,882438.0
2025-07-30 06:00:00,0.04181,0.04211,0.04175,0.04204,316132.0
2025-07-30 06:30:00,0.04204,0.04238,0.04188,0.0422,697463.0
2025-07-30 07:00:00,0.0422,0.04253,0.04134,0.04159,1199973.0
2025-07-30 07:30:00,0.04163,0.04174,0.04119,0.04148,601488.0
2025-07-30 08:00:00,0.04153,0.04154,0.04111,0.04131,537910.0
2025-07-30 08:30:00,0.04134,0.04157,0.04114,0.04128,233129.0
2025-07-30 09:00:00,0.04121,0.04135,0.04084,0.04086,686589.0
2025-07-30 09:30:00,0.04088,0.0409,0.04063,0.0408,484695.0
2025-07-30 10:00:00,0.04082,0.04086,0.04049,0.04077,494362.0
2025-07-30 10:30:00,0.04075,0.04092,0.04015,0.04044,921333.0
2025-07-30 11:00:00,0.04047,0.04062,0.04016,0.04028,760250.0
2025-07-30 11:30:00,0.04029,0.04054,0.0392,0.03956,3913303.0
2025-07-30 12:00:00,0.03954,0.03983,0.03912,0.03974,891167.0
2025-07-30 12:30:00,0.03972,0.03976,0.03942,0.03964,481152.0
2025-07-30 13:00:00,0.03963,0.03987,0.03956,0.03985,606339.0
2025-07-30 13:30:00,0.03982,0.04008,0.03981,0.04001,509696.0
2025-07-30 14:00:00,0.04001,0.04037,0.0398,0.04012,650320.0
2025-07-30 14:30:00,0.04012,0.04066,0.03998,0.04037,483405.0
2025-07-30 15:00:00,0.04036,0.04046,0.03991,0.03996,417554.0
2025-07-30 15:30:00,0.04,0.04041,0.03984,0.04016,200496.0
2025-07-30 16:00:00,0.04015,0.04089,0.04012,0.0408,421036.0
2025-07-30 16:30:00,0.04076,0.04096,0.04071,0.04095,236767.0
2025-07-30 17:00:00,0.04093,0.04107,0.04078,0.04093,764294.0
2025-07-30 17:30:00,0.04093,0.04109,0.04084,0.04106,98926.0
2025-07-30 18:00:00,0.04106,0.04134,0.04071,0.04123,443460.0
2025-07-30 18:30:00,0.04122,0.04123,0.04041,0.04054,368727.0
2025-07-30 19:00:00,0.04056,0.0406,0.03942,0.04036,1387312.0
2025-07-30 19:30:00,0.04036,0.04132,0.04022,0.04131,1004601.0
2025-07-30 20:00:00,0.04131,0.0423,0.04127,0.0419,3098577.0
2025-07-30 20:30:00,0.0419,0.04212,0.04158,0.04169,541920.0
2025-07-30 21:00:00,0.04169,0.04187,0.0413,0.04136,220417.0
2025-07-30 21:30:00,0.04136,0.04189,0.04134,0.04171,348598.0
2025-07-30 22:00:00,0.0417,0.04211,0.0415,0.04163,560006.0
2025-07-30 22:30:00,0.04163,0.0417,0.04135,0.04141,186558.0
2025-07-30 23:00:00,0.04141,0.04168,0.04137,0.04158,141996.0
2025-07-30 23:30:00,0.04158,0.04185,0.04138,0.04172,251359.0
2025-07-31 00:00:00,0.04172,0.04176,0.04111,0.04152,1043931.0
2025-07-31 00:30:00,0.04152,0.04197,0.04114,0.04164,421005.0
2025-07-31 01:00:00,0.04164,0.04181,0.04137,0.04144,791348.0
2025-07-31 01:30:00,0.04144,0.04159,0.04123,0.04152,193414.0
2025-07-31 02:00:00,0.04152,0.04177,0.04143,0.04153,176779.0
2025-07-31 02:30:00,0.04153,0.04164,0.04113,0.04153,233540.0
2025-07-31 03:00:00,0.04153,0.04193,0.04145,0.04189,255906.0
2025-07-31 03:30:00,0.04189,0.04197,0.04167,0.04193,346277.0
2025-07-31 04:00:00,0.04193,0.04253,0.04175,0.04231,1660899.0
2025-07-31 04:30:00,0.04231,0.04248,0.04193,0.04198,1474174.0
2025-07-31 05:00:00,0.04199,0.0426,0.04184,0.04251,569057.0
2025-07-31 05:30:00,0.04253,0.0429,0.04244,0.04286,392721.0
2025-07-31 06:00:00,0.04286,0.04294,0.04259,0.04274,315901.0
2025-07-31 06:30:00,0.04268,0.04289,0.04247,0.04266,482888.0
2025-07-31 07:00:00,0.04266,0.04296,0.0426,0.04267,387455.0
2025-07-31 07:30:00,0.04269,0.04282,0.04252,0.04267,269084.0
2025-07-31 08:00:00,0.04266,0.04277,0.04258,0.04266,101755.0
2025-07-31 08:30:00,0.0426,0.04267,0.0425,0.04257,180795.0
2025-07-31 09:00:00,0.04257,0.04259,0.04233,0.04241,355312.0
2025-07-31 09:30:00,0.04246,0.04274,0.04236,0.04268,292029.0
2025-07-31 10:00:00,0.04268,0.04275,0.04229,0.04246,327889.0
2025-07-31 10:30:00,0.04248,0.04274,0.04236,0.04263,543133.0
2025-07-31 11:00:00,0.04264,0.04271,0.04236,0.04256,233580.0
2025-07-31 11:30:00,0.04255,0.0427,0.04241,0.0426,227663.0
2025-07-31 12:00:00,0.0426,0.0426,0.04215,0.04234,610266.0
2025-07-31 12:30:00,0.04232,0.04233,0.04201,0.04212,414770.0
2025-07-31 13:00:00,0.04212,0.04212,0.04119,0.04124,1597526.0
2025-07-31 13:30:00,0.04124,0.04197,0.04117,0.04186,864492.0
2025-07-31 14:00:00,0.04184,0.04187,0.04093,0.04107,667270.0
2025-07-31 14:30:00,0.04106,0.04128,0.04096,0.04105,224569.0
2025-07-31 15:00:00,0.04106,0.0413,0.04084,0.04091,265590.0
2025-07-31 15:30:00,0.04086,0.041,0.04062,0.04068,206270.0
2025-07-31 16:00:00,0.04067,0.04071,0.04025,0.04033,556664.0
2025-07-31 16:30:00,0.04038,0.04073,0.04019,0.04055,1397622.0
2025-07-31 17:00:00,0.04057,0.04079,0.04038,0.04062,319155.0
2025-07-31 17:30:00,0.04063,0.04113,0.04048,0.04071,738615.0
2025-07-31 18:00:00,0.04075,0.04083,0.04026,0.04047,252896.0
2025-07-31 18:30:00,0.04047,0.04058,0.03996,0.04021,676101.0
2025-07-31 19:00:00,0.04016,0.04033,0.03986,0.03999,407776.0
2025-07-31 19:30:00,0.03997,0.03998,0.03942,0.03955,984847.0
2025-07-31 20:00:00,0.03953,0.03966,0.03882,0.03933,1906321.0
2025-07-31 20:30:00,0.03934,0.0394,0.03909,0.03928,394527.0
2025-07-31 21:00:00,0.03926,0.0394,0.03856,0.03892,1233094.0
2025-07-31 21:30:00,0.03892,0.03908,0.03802,0.03881,1501715.0
2025-07-31 22:00:00,0.03872,0.0389,0.0384,0.03878,1259946.0
2025-07-31 22:30:00,0.03872,0.03872,0.03819,0.03846,998663.0
2025-07-31 23:00:00,0.03844,0.0386,0.03755,0.03762,5653683.0
2025-07-31 23:30:00,0.0376,0.0379,0.03744,0.03785,928067.0
2025-08-01 00:00:00,0.0378,0.0379,0.03733,0.03741,700925.0
2025-08-01 00:30:00,0.03738,0.03743,0.03577,0.03693,6542535.0
2025-08-01 01:00:00,0.03686,0.03708,0.03597,0.03633,1652134.0
2025-08-01 01:30:00,0.03632,0.03641,0.03562,0.03576,2562470.0
2025-08-01 02:00:00,0.03578,0.03632,0.03502,0.03597,7133194.0
2025-08-01 02:30:00,0.03595,0.03626,0.03567,0.03606,1713195.0
2025-08-01 03:00:00,0.03603,0.03638,0.03587,0.03628,914991.0
2025-08-01 03:30:00,0.03626,0.03628,0.03579,0.03598,2090005.0
2025-08-01 04:00:00,0.03596,0.03597,0.03518,0.03551,2825811.0
2025-08-01 04:30:00,0.03549,0.03592,0.0353,0.03535,1520690.0
2025-08-01 05:00:00,0.03535,0.03535,0.03406,0.03417,6824994.0
2025-08-01 05:30:00,0.03414,0.03468,0.03405,0.03427,4902445.0
2025-08-01 06:00:00,0.03426,0.03441,0.0336,0.0341,7509457.0
2025-08-01 06:30:00,0.03415,0.03665,0.03408,0.03642,20816509.0
2025-08-01 07:00:00,0.03646,0.03716,0.03618,0.03674,13124605.0
2025-08-01 07:30:00,0.03674,0.0368,0.03588,0.03596,6476516.0
2025-08-01 08:00:00,0.03594,0.03607,0.03412,0.03475,14393311.0
2025-08-01 08:30:00,0.03475,0.03497,0.0344,0.0345,3855274.0
2025-08-01 09:00:00,0.03448,0.0349,0.03384,0.03402,8575058.0
2025-08-01 09:30:00,0.03401,0.03414,0.03319,0.03349,12246250.0
2025-08-01 10:00:00,0.03349,0.03387,0.03261,0.03285,20480371.0
2025-08-01 10:30:00,0.03286,0.03385,0.03284,0.03365,10912111.0
2025-08-01 11:00:00,0.03364,0.03397,0.0331,0.03337,8864740.0
2025-08-01 11:30:00,0.03334,0.03399,0.03333,0.03374,5732834.0
2025-08-01 12:00:00,0.03374,0.03405,0.03331,0.034,7414978.0
2025-08-01 12:30:00,0.03401,0.0345,0.03354,0.03369,13622824.0
2025-08-01 13:00:00,0.0337,0.03397,0.03354,0.03394,8090921.0
2025-08-01 13:30:00,0.03394,0.0342,0.0332,0.03376,10285920.0
2025-08-01 14:00:00,0.03376,0.03676,0.03336,0.03623,23290496.0
2025-08-01 14:30:00,0.03624,0.03631,0.03485,0.03516,17671355.0
2025-08-01 15:00:00,0.03514,0.03533,0.03444,0.03472,8203840.0
2025-08-01 15:30:00,0.03474,0.03545,0.03462,0.03501,6078141.0
2025-08-01 16:00:00,0.03497,0.03497,0.03442,0.03466,4705930.0
2025-08-01 16:30:00,0.03465,0.03465,0.03362,0.03381,6013666.0
2025-08-01 17:00:00,0.03377,0.03397,0.03331,0.03377,7308523.0
2025-08-01 17:30:00,0.03378,0.03423,0.03346,0.03374,5341472.0
2025-08-01 18:00:00,0.03377,0.03432,0.03368,0.03407,3681465.0
2025-08-01 18:30:00,0.03407,0.0344,0.03375,0.03395,2535348.0
2025-08-01 19:00:00,0.03394,0.03431,0.03376,0.03405,2874522.0
2025-08-01 19:30:00,0.03405,0.03442,0.03396,0.0343,1942602.0
2025-08-01 20:00:00,0.03432,0.03437,0.03365,0.03389,3698028.0
2025-08-01 20:30:00,0.03389,0.03429,0.03357,0.03424,2451564.0
2025-08-01 21:00:00,0.03425,0.03442,0.03382,0.03402,2646403.0
2025-08-01 21:30:00,0.03402,0.0343,0.03399,0.03399,1263518.0
2025-08-01 22:00:00,0.03402,0.03402,0.03285,0.03304,5136659.0
2025-08-01 22:30:00,0.03307,0.03392,0.03262,0.03369,4472701.0
2025-08-01 23:00:00,0.03367,0.03416,0.0336,0.03401,2641148.0
2025-08-01 23:30:00,0.03401,0.0342,0.03393,0.03412,787586.0
2025-08-02 00:00:00,0.03411,0.03416,0.0337,0.03392,2321522.0
2025-08-02 00:30:00,0.03393,0.03399,0.03363,0.03387,881362.0
2025-08-02 01:00:00,0.03389,0.03395,0.03324,0.03333,1921639.0
2025-08-02 01:30:00,0.03331,0.0335,0.03317,0.03323,1394943.0
2025-08-02 02:00:00,0.03324,0.03348,0.03306,0.03338,1628802.0
2025-08-02 02:30:00,0.03337,0.03352,0.03333,0.03345,1800222.0
2025-08-02 03:00:00,0.03347,0.03363,0.03329,0.03331,1274919.0
2025-08-02 03:30:00,0.0333,0.03343,0.03321,0.03336,688060.0
2025-08-02 04:00:00,0.03333,0.03387,0.03321,0.03385,2641938.0
2025-08-02 04:30:00,0.03384,0.03423,0.03371,0.03414,4022044.0
2025-08-02 05:00:00,0.0341,0.03468,0.03408,0.03436,3379312.0
2025-08-02 05:30:00,0.03437,0.03438,0.03373,0.03378,2597070.0
2025-08-02 06:00:00,0.03381,0.03385,0.03323,0.03323,1414133.0
2025-08-02 06:30:00,0.03324,0.03378,0.03317,0.03374,1908667.0
2025-08-02 07:00:00,0.03375,0.03405,0.03342,0.03397,1188184.0
2025-08-02 07:30:00,0.03396,0.0345,0.03365,0.03429,3076635.0
2025-08-02 08:00:00,0.03432,0.03447,0.03404,0.03416,769078.0
2025-08-02 08:30:00,0.0342,0.03421,0.03356,0.03361,1068234.0
2025-08-02 09:00:00,0.03362,0.0338,0.03348,0.03354,647139.0
2025-08-02 09:30:00,0.03351,0.03376,0.03339,0.03366,678985.0
2025-08-02 10:00:00,0.03362,0.03427,0.0334,0.03411,2004927.0
2025-08-02 10:30:00,0.03408,0.03426,0.03379,0.03383,1207001.0
2025-08-02 11:00:00,0.03385,0.03449,0.03383,0.03435,4263859.0
2025-08-02 11:30:00,0.03436,0.03459,0.03427,0.03429,2380956.0
2025-08-02 12:00:00,0.03429,0.0345,0.03418,0.03425,1256984.0
2025-08-02 12:30:00,0.03422,0.03431,0.03371,0.03413,1682929.0
2025-08-02 13:00:00,0.03416,0.03424,0.03384,0.03396,1165966.0
2025-08-02 13:30:00,0.0339,0.03429,0.03386,0.03409,675509.0
2025-08-02 14:00:00,0.03408,0.03425,0.03349,0.03361,1810327.0
2025-08-02 14:30:00,0.03356,0.03357,0.03318,0.03338,1437792.0
2025-08-02 15:00:00,0.03341,0.03364,0.03328,0.03353,1167490.0
2025-08-02 15:30:00,0.03351,0.03356,0.03269,0.03286,3072206.0
2025-08-02 16:00:00,0.03287,0.03309,0.03277,0.03292,1339624.0
2025-08-02 16:30:00,0.03293,0.03296,0.0323,0.03279,4602630.0
2025-08-02 17:00:00,0.03282,0.03319,0.03261,0.03297,1405279.0
2025-08-02 17:30:00,0.033,0.03301,0.03159,0.03176,5217628.0
2025-08-02 18:00:00,0.03176,0.03213,0.03131,0.03154,5355263.0
2025-08-02 18:30:00,0.03154,0.03169,0.031,0.03144,2553000.0
2025-08-02 19:00:00,0.03145,0.03203,0.03135,0.03199,1616335.0
2025-08-02 19:30:00,0.03197,0.03207,0.03167,0.03175,1296445.0
2025-08-02 20:00:00,0.03174,0.03193,0.03164,0.03192,690279.0
2025-08-02 20:30:00,0.0319,0.03199,0.03166,0.03188,569679.0
2025-08-02 21:00:00,0.03188,0.0321,0.03165,0.03174,711757.0
2025-08-02 21:30:00,0.03171,0.03201,0.03136,0.03142,1840661.0
2025-08-02 22:00:00,0.03141,0.03159,0.03109,0.03119,1640765.0
2025-08-02 22:30:00,0.03116,0.03214,0.03115,0.03192,1918025.0
2025-08-02 23:00:00,0.03189,0.03197,0.03119,0.03145,2385251.0
2025-08-02 23:30:00,0.03145,0.03192,0.03135,0.03174,738069.0
2025-08-03 00:00:00,0.03172,0.03213,0.03151,0.03163,891323.0
2025-08-03 00:30:00,0.03161,0.03258,0.03139,0.03247,1418972.0
2025-08-03 01:00:00,0.03246,0.03286,0.03241,0.03275,2222800.0
2025-08-03 01:30:00,0.03273,0.03295,0.03236,0.03251,1113050.0
2025-08-03 02:00:00,0.03253,0.0327,0.0325,0.03256,347765.0
2025-08-03 02:30:00,0.03254,0.03269,0.03213,0.03229,1345192.0
2025-08-03 03:00:00,0.03227,0.0324,0.0321,0.03233,629833.0
2025-08-03 03:30:00,0.03233,0.03243,0.03211,0.03229,732555.0
2025-08-03 04:00:00,0.03229,0.03243,0.03201,0.03234,1125546.0
2025-08-03 04:30:00,0.03231,0.03234,0.03185,0.03229,965607.0
2025-08-03 05:00:00,0.03229,0.03248,0.03218,0.03239,538603.0
2025-08-03 05:30:00,0.03237,0.03242,0.03223,0.03233,431847.0
2025-08-03 06:00:00,0.03231,0.03245,0.03223,0.03238,258426.0
2025-08-03 06:30:00,0.03239,0.03255,0.03229,0.03252,245331.0
2025-08-03 07:00:00,0.03252,0.03276,0.03251,0.03262,441267.0
2025-08-03 07:30:00,0.03259,0.03277,0.03255,0.03267,878674.0
2025-08-03 08:00:00,0.03266,0.03269,0.03232,0.03235,736749.0
2025-08-03 08:30:00,0.03236,0.03255,0.03233,0.0325,628500.0
2025-08-03 09:00:00,0.03249,0.03259,0.03232,0.03251,405602.0
2025-08-03 09:30:00,0.03251,0.03291,0.03245,0.03268,528854.0
2025-08-03 10:00:00,0.03268,0.0332,0.03267,0.03291,1601488.0
2025-08-03 10:30:00,0.03289,0.03324,0.03282,0.03299,1289086.0
2025-08-03 11:00:00,0.03299,0.03364,0.03293,0.0334,1345094.0
2025-08-03 11:30:00,0.03341,0.03343,0.03315,0.0332,642826.0
2025-08-03 12:00:00,0.03319,0.03329,0.03297,0.03312,525451.0
2025-08-03 12:30:00,0.03311,0.03348,0.03308,0.03343,626762.0
2025-08-03 13:00:00,0.03343,0.03351,0.03317,0.03331,657128.0
2025-08-03 13:30:00,0.0333,0.03361,0.03324,0.03356,713576.0
2025-08-03 14:00:00,0.03356,0.03375,0.03315,0.03325,804503.0
2025-08-03 14:30:00,0.03326,0.0338,0.03318,0.0337,864438.0
2025-08-03 15:00:00,0.03368,0.03438,0.03359,0.03429,1839071.0
2025-08-03 15:30:00,0.03425,0.03441,0.03406,0.03418,1475281.0
2025-08-03 16:00:00,0.03416,0.03436,0.034,0.03409,1338982.0
2025-08-03 16:30:00,0.03407,0.03446,0.03407,0.0344,767296.0
2025-08-03 17:00:00,0.03435,0.03449,0.03415,0.03431,560269.0
2025-08-03 17:30:00,0.03431,0.03468,0.03426,0.03461,868930.0
2025-08-03 18:00:00,0.03458,0.03524,0.03458,0.03504,3073633.0
2025-08-03 18:30:00,0.03508,0.03566,0.03495,0.0352,3872221.0
2025-08-03 19:00:00,0.03521,0.03548,0.03503,0.03518,1998580.0
2025-08-03 19:30:00,0.03519,0.03549,0.03489,0.03533,1352736.0
2025-08-03 20:00:00,0.03533,0.03535,0.03486,0.03522,1380447.0
2025-08-03 20:30:00,0.0352,0.03548,0.03517,0.0352,1818725.0
2025-08-03 21:00:00,0.0352,0.03559,0.03513,0.03527,1226573.0
2025-08-03 21:30:00,0.03529,0.03546,0.03484,0.03503,1242416.0
2025-08-03 22:00:00,0.03501,0.03505,0.03475,0.03484,729449.0
2025-08-03 22:30:00,0.03485,0.03489,0.0346,0.0348,633847.0
2025-08-03 23:00:00,0.0348,0.0348,0.03454,0.03458,315061.0
2025-08-03 23:30:00,0.03456,0.03464,0.03418,0.03421,1662947.0
2025-08-04 00:00:00,0.03422,0.03441,0.03373,0.03425,1843866.0
2025-08-04 00:30:00,0.03428,0.03461,0.03421,0.03458,840639.0
2025-08-04 01:00:00,0.03457,0.03458,0.03419,0.03424,921280.0
2025-08-04 01:30:00,0.03427,0.03436,0.03394,0.03409,978063.0
2025-08-04 02:00:00,0.03405,0.03409,0.03383,0.034,1045963.0
2025-08-04 02:30:00,0.034,0.03428,0.03394,0.03409,616433.0
2025-08-04 03:00:00,0.03412,0.03437,0.034,0.03427,456589.0
2025-08-04 03:30:00,0.03429,0.03431,0.03394,0.03408,595745.0
2025-08-04 04:00:00,0.03408,0.03449,0.03397,0.03416,579938.0
2025-08-04 04:30:00,0.03418,0.03424,0.03362,0.03368,678120.0
2025-08-04 05:00:00,0.03369,0.03381,0.03356,0.03377,333680.0
2025-08-04 05:30:00,0.03376,0.03413,0.0337,0.0341,529381.0
2025-08-04 06:00:00,0.03412,0.03413,0.03387,0.03397,280213.0
2025-08-04 06:30:00,0.03399,0.034,0.03367,0.03393,305276.0
2025-08-04 07:00:00,0.03391,0.03394,0.03373,0.03379,202690.0
2025-08-04 07:30:00,0.03377,0.03393,0.0336,0.03366,524392.0
2025-08-04 08:00:00,0.03365,0.03456,0.03359,0.03424,1210692.0
2025-08-04 08:30:00,0.03421,0.03463,0.03398,0.03406,1910998.0
2025-08-04 09:00:00,0.03407,0.0342,0.03361,0.0337,782287.0
2025-08-04 09:30:00,0.03371,0.03392,0.03344,0.03366,1084111.0
2025-08-04 10:00:00,0.03359,0.03391,0.03359,0.03367,445672.0
2025-08-04 10:30:00,0.03367,0.03397,0.03363,0.03378,562552.0
2025-08-04 11:00:00,0.03377,0.03386,0.03354,0.03377,783720.0
2025-08-04 11:30:00,0.0338,0.034,0.03364,0.03382,620989.0
2025-08-04 12:00:00,0.03386,0.03435,0.03373,0.03373,733476.0
2025-08-04 12:30:00,0.03383,0.03414,0.03374,0.03407,552297.0
2025-08-04 13:00:00,0.03407,0.03423,0.03379,0.03387,612317.0
2025-08-04 13:30:00,0.03387,0.03484,0.03387,0.0348,1403759.0
2025-08-04 14:00:00,0.03481,0.03527,0.0347,0.03511,2375464.0
2025-08-04 14:30:00,0.03514,0.03542,0.03471,0.03477,1801548.0
2025-08-04 15:00:00,0.03482,0.03488,0.03456,0.03463,989437.0
2025-08-04 15:30:00,0.03461,0.03473,0.03424,0.03464,1031214.0
2025-08-04 16:00:00,0.03464,0.03498,0.0344,0.03441,1230444.0
2025-08-04 16:30:00,0.03443,0.03499,0.03433,0.03479,574774.0
2025-08-04 17:00:00,0.03481,0.03533,0.03467,0.03503,1183475.0
2025-08-04 17:30:00,0.03503,0.03506,0.03464,0.03484,463532.0
2025-08-04 18:00:00,0.03482,0.0349,0.03451,0.03482,376490.0
2025-08-04 18:30:00,0.0348,0.03559,0.03458,0.03546,1063908.0
2025-08-04 19:00:00,0.03548,0.03557,0.03424,0.03431,1615357.0
2025-08-04 19:30:00,0.03431,0.03506,0.03431,0.03488,1129562.0
2025-08-04 20:00:00,0.03495,0.03543,0.0349,0.03514,738665.0
2025-08-04 20:30:00,0.03516,0.03524,0.03473,0.0351,667438.0
2025-08-04 21:00:00,0.03508,0.03567,0.03506,0.03563,509529.0
2025-08-04 21:30:00,0.03561,0.03601,0.03558,0.03577,406438.0
2025-08-04 22:00:00,0.03576,0.03594,0.0353,0.0353,706011.0
2025-08-04 22:30:00,0.03529,0.03557,0.03529,0.03548,421598.0
2025-08-04 23:00:00,0.03551,0.03591,0.03548,0.0357,811031.0
2025-08-04 23:30:00,0.0357,0.03617,0.03569,0.03591,787407.0
2025-08-05 00:00:00,0.03588,0.03651,0.03566,0.0361,3702898.0
2025-08-05 00:30:00,0.03605,0.03637,0.03593,0.03602,512311.0
2025-08-05 01:00:00,0.03606,0.03661,0.03602,0.03632,857111.0
2025-08-05 01:30:00,0.03635,0.03635,0.03569,0.03575,516059.0
2025-08-05 02:00:00,0.03575,0.03594,0.03554,0.03569,573349.0
2025-08-05 02:30:00,0.03571,0.03585,0.03548,0.0355,249207.0
2025-08-05 03:00:00,0.03552,0.03555,0.03492,0.0352,1020028.0
2025-08-05 03:30:00,0.03518,0.03528,0.03499,0.03526,316937.0
2025-08-05 04:00:00,0.03521,0.03544,0.03504,0.03513,497627.0
2025-08-05 04:30:00,0.03511,0.03511,0.03467,0.03492,548723.0
2025-08-05 05:00:00,0.03491,0.03513,0.03487,0.03509,442713.0
2025-08-05 05:30:00,0.03509,0.03519,0.0347,0.03511,663360.0
2025-08-05 06:00:00,0.03514,0.0356,0.03514,0.03541,673304.0
2025-08-05 06:30:00,0.03538,0.03573,0.03534,0.03566,367026.0
2025-08-05 07:00:00,0.03566,0.03572,0.03526,0.03535,560542.0
2025-08-05 07:30:00,0.03536,0.03536,0.03476,0.03498,963081.0
2025-08-05 08:00:00,0.03498,0.03566,0.03498,0.0353,2349532.0
2025-08-05 08:30:00,0.03527,0.03541,0.03511,0.03532,305449.0
2025-08-05 09:00:00,0.03532,0.03551,0.03507,0.03512,591559.0
2025-08-05 09:30:00,0.03508,0.03539,0.03473,0.03475,1734605.0
2025-08-05 10:00:00,0.03479,0.03505,0.03402,0.03486,2517954.0
2025-08-05 10:30:00,0.03488,0.03547,0.03485,0.03506,762302.0
2025-08-05 11:00:00,0.03507,0.03511,0.03464,0.03479,344126.0
2025-08-05 11:30:00,0.03477,0.0349,0.0344,0.03474,660638.0
2025-08-05 12:00:00,0.03475,0.03484,0.03431,0.03441,422709.0
2025-08-05 12:30:00,0.03441,0.03494,0.03422,0.03436,2120648.0
2025-08-05 13:00:00,0.0344,0.03458,0.03396,0.03418,1516190.0
2025-08-05 13:30:00,0.03419,0.03426,0.03388,0.03426,379706.0
2025-08-05 14:00:00,0.03422,0.03433,0.03351,0.03372,999351.0
2025-08-05 14:30:00,0.03374,0.0339,0.03344,0.0336,1397439.0
2025-08-05 15:00:00,0.03359,0.03411,0.03353,0.0339,856555.0
2025-08-05 15:30:00,0.03389,0.03393,0.03334,0.03349,768147.0
2025-08-05 16:00:00,0.03351,0.03369,0.03339,0.03356,331922.0
2025-08-05 16:30:00,0.03356,0.03422,0.03342,0.03411,2303907.0
2025-08-05 17:00:00,0.03409,0.03583,0.03409,0.03518,7643804.0
2025-08-05 17:30:00,0.03517,0.03547,0.03467,0.03524,3345144.0
2025-08-05 18:00:00,0.03518,0.03562,0.03507,0.03533,978954.0
2025-08-05 18:30:00,0.03531,0.03534,0.03469,0.03511,834926.0
2025-08-05 19:00:00,0.03511,0.03521,0.03478,0.03482,370013.0
2025-08-05 19:30:00,0.0348,0.03503,0.03465,0.0349,582436.0
2025-08-05 20:00:00,0.03487,0.03504,0.03465,0.03472,425400.0
2025-08-05 20:30:00,0.03471,0.03484,0.03456,0.03462,395960.0
2025-08-05 21:00:00,0.03462,0.03492,0.03456,0.0348,323350.0
2025-08-05 21:30:00,0.03479,0.03479,0.0343,0.03441,345058.0
2025-08-05 22:00:00,0.03442,0.03462,0.03401,0.03432,511717.0
2025-08-05 22:30:00,0.03433,0.03441,0.03406,0.03414,182748.0
2025-08-05 23:00:00,0.03417,0.03429,0.03406,0.03414,196180.0
2025-08-05 23:30:00,0.03413,0.03491,0.03413,0.03461,1842221.0
2025-08-06 00:00:00,0.03463,0.0348,0.03425,0.03427,490629.0
2025-08-06 00:30:00,0.03426,0.03428,0.03369,0.03405,564024.0
2025-08-06 01:00:00,0.03398,0.03438,0.03386,0.03431,645634.0
2025-08-06 01:30:00,0.03431,0.03435,0.03406,0.03413,226218.0
2025-08-06 02:00:00,0.03412,0.03415,0.03381,0.03391,416401.0
2025-08-06 02:30:00,0.03391,0.03403,0.0337,0.03371,269156.0
2025-08-06 03:00:00,0.03372,0.03393,0.03352,0.03372,412108.0
2025-08-06 03:30:00,0.03373,0.03412,0.03371,0.03384,823123.0
2025-08-06 04:00:00,0.03384,0.03418,0.03376,0.03403,450030.0
2025-08-06 04:30:00,0.03403,0.03442,0.03391,0.03411,294633.0
2025-08-06 05:00:00,0.03411,0.03465,0.03396,0.03438,537808.0
2025-08-06 05:30:00,0.03438,0.03472,0.03412,0.03415,818692.0
2025-08-06 06:00:00,0.03417,0.03436,0.03364,0.03383,4591498.0
2025-08-06 06:30:00,0.0338,0.03422,0.0338,0.03417,751851.0
2025-08-06 07:00:00,0.03417,0.03497,0.03403,0.0348,4357016.0
2025-08-06 07:30:00,0.03477,0.03494,0.03467,0.03467,325002.0
2025-08-06 08:00:00,0.03471,0.03484,0.03424,0.03447,1031469.0
2025-08-06 08:30:00,0.03447,0.03462,0.03421,0.03434,330307.0
2025-08-06 09:00:00,0.03434,0.03504,0.03424,0.03494,1618364.0
2025-08-06 09:30:00,0.03493,0.03493,0.03455,0.03486,672091.0
2025-08-06 10:00:00,0.03485,0.0349,0.03438,0.0345,574780.0
2025-08-06 10:30:00,0.03449,0.0347,0.03416,0.03427,214282.0
2025-08-06 11:00:00,0.03425,0.03447,0.03414,0.03438,173919.0
2025-08-06 11:30:00,0.03439,0.03472,0.0343,0.03469,271006.0
2025-08-06 12:00:00,0.03466,0.0347,0.03365,0.0338,1572543.0
2025-08-06 12:30:00,0.03382,0.03414,0.03358,0.03377,709444.0
2025-08-06 13:00:00,0.03377,0.03424,0.03375,0.0341,438038.0
2025-08-06 13:30:00,0.03412,0.03438,0.03385,0.03413,697794.0
2025-08-06 14:00:00,0.03411,0.0344,0.03384,0.03406,834128.0
2025-08-06 14:30:00,0.03402,0.03443,0.03397,0.03436,576620.0
2025-08-06 15:00:00,0.03441,0.03471,0.03423,0.03468,622994.0
2025-08-06 15:30:00,0.03467,0.0353,0.03461,0.03526,964295.0
2025-08-06 16:00:00,0.03523,0.03539,0.03499,0.03529,1806187.0
2025-08-06 16:30:00,0.03528,0.03552,0.03514,0.03532,649014.0
2025-08-06 17:00:00,0.0353,0.03559,0.03514,0.03541,879884.0
2025-08-06 17:30:00,0.0354,0.0358,0.03519,0.03564,1193272.0
2025-08-06 18:00:00,0.03561,0.03632,0.03546,0.03618,2019006.0
2025-08-06 18:30:00,0.03612,0.03626,0.0356,0.03581,779058.0
2025-08-06 19:00:00,0.0358,0.03591,0.03553,0.03553,256969.0
2025-08-06 19:30:00,0.03552,0.03567,0.03537,0.03555,503824.0
2025-08-06 20:00:00,0.03557,0.03564,0.03515,0.03518,1159795.0
2025-08-06 20:30:00,0.03518,0.03531,0.03471,0.03508,2439996.0
2025-08-06 21:00:00,0.03505,0.03534,0.0349,0.03496,1841252.0
2025-08-06 21:30:00,0.03495,0.03495,0.03452,0.03483,397664.0
2025-08-06 22:00:00,0.03481,0.03486,0.03436,0.03456,492520.0
2025-08-06 22:30:00,0.03456,0.03461,0.03435,0.03442,873069.0
2025-08-06 23:00:00,0.03441,0.03496,0.03393,0.03473,4789909.0
2025-08-06 23:30:00,0.03471,0.03513,0.0347,0.03511,776881.0
2025-08-07 00:00:00,0.0351,0.03526,0.03494,0.03525,387932.0
2025-08-07 00:30:00,0.03525,0.03548,0.03506,0.03533,266108.0
2025-08-07 01:00:00,0.03533,0.03652,0.03519,0.03631,1831603.0
2025-08-07 01:30:00,0.03631,0.03666,0.03485,0.03528,7842413.0
2025-08-07 02:00:00,0.03528,0.03584,0.03528,0.03561,1777507.0
2025-08-07 02:30:00,0.03562,0.03638,0.03562,0.03612,7645887.0
2025-08-07 03:00:00,0.03613,0.03613,0.03536,0.03541,2552503.0
2025-08-07 03:30:00,0.0354,0.03634,0.03531,0.03625,3288510.0
2025-08-07 04:00:00,0.03624,0.03634,0.03567,0.03601,2076387.0
2025-08-07 04:30:00,0.03596,0.03607,0.03557,0.03577,739927.0
2025-08-07 05:00:00,0.03575,0.03654,0.03565,0.03607,2628924.0
2025-08-07 05:30:00,0.03608,0.03693,0.03602,0.03688,4184748.0
2025-08-07 06:00:00,0.03687,0.03809,0.03669,0.03797,8115917.0
2025-08-07 06:30:00,0.03794,0.03822,0.03669,0.03741,7634554.0
2025-08-07 07:00:00,0.03739,0.04053,0.03733,0.04016,23531528.0
2025-08-07 07:30:00,0.04012,0.04757,0.03972,0.0445,107221788.0
2025-08-07 08:00:00,0.04453,0.04614,0.03823,0.03888,122290328.0
2025-08-07 08:30:00,0.03885,0.03928,0.03807,0.03851,24519813.0
2025-08-07 09:00:00,0.03849,0.03882,0.03705,0.0384,16373560.0
2025-08-07 09:30:00,0.0384,0.03842,0.03727,0.03748,13315685.0
2025-08-07 10:00:00,0.03748,0.03762,0.03714,0.03757,2780082.0
2025-08-07 10:30:00,0.03759,0.03796,0.03753,0.03766,3346779.0
2025-08-07 11:00:00,0.03766,0.03772,0.03737,0.03741,2893025.0
2025-08-07 11:30:00,0.03742,0.03893,0.03733,0.03862,7793529.0
2025-08-07 12:00:00,0.03862,0.03946,0.03834,0.03911,9671759.0
2025-08-07 12:30:00,0.03908,0.03944,0.03829,0.03888,7889211.0
2025-08-07 13:00:00,0.03888,0.03932,0.03858,0.03907,2689942.0
2025-08-07 13:30:00,0.03909,0.03974,0.03892,0.0394,3757600.0
2025-08-07 14:00:00,0.03941,0.04,0.0387,0.03882,14418485.0
2025-08-07 14:30:00,0.03889,0.03934,0.03821,0.03917,3577614.0
2025-08-07 15:00:00,0.03919,0.03938,0.03826,0.03902,7111705.0
2025-08-07 15:30:00,0.03907,0.03932,0.03866,0.03892,5538582.0
2025-08-07 16:00:00,0.03893,0.03898,0.03843,0.03867,2193294.0
2025-08-07 16:30:00,0.03869,0.03889,0.03829,0.03872,1814962.0
2025-08-07 17:00:00,0.0387,0.03947,0.03869,0.03915,2773499.0
2025-08-07 17:30:00,0.03914,0.0395,0.03901,0.03931,1383383.0
2025-08-07 18:00:00,0.03932,0.04022,0.03905,0.03974,4819226.0
2025-08-07 18:30:00,0.03973,0.03976,0.03859,0.03872,4506324.0
2025-08-07 19:00:00,0.03874,0.03881,0.03839,0.03856,1241143.0
2025-08-07 19:30:00,0.03855,0.03868,0.0383,0.03866,2420688.0
2025-08-07 20:00:00,0.03865,0.03982,0.03859,0.03974,1621848.0
2025-08-07 20:30:00,0.03976,0.03996,0.0389,0.03927,6468396.0
2025-08-07 21:00:00,0.03928,0.03936,0.03877,0.03887,1086559.0
2025-08-07 21:30:00,0.03888,0.03903,0.03823,0.03876,2198244.0
2025-08-07 22:00:00,0.03872,0.03988,0.03868,0.0397,5452761.0
2025-08-07 22:30:00,0.03968,0.03999,0.03956,0.03977,2649354.0
2025-08-07 23:00:00,0.03979,0.04002,0.03967,0.03988,1790801.0
2025-08-07 23:30:00,0.03988,0.04045,0.03975,0.04014,2105789.0
2025-08-08 00:00:00,0.04013,0.04026,0.03931,0.03935,3444570.0
2025-08-08 00:30:00,0.03937,0.03996,0.03925,0.03992,1676059.0
2025-08-08 01:00:00,0.03993,0.04008,0.03966,0.03981,1220134.0
2025-08-08 01:30:00,0.03977,0.03988,0.03942,0.03972,757726.0
2025-08-08 02:00:00,0.03973,0.0398,0.03881,0.039,2474681.0
2025-08-08 02:30:00,0.03901,0.03909,0.03853,0.03882,2213815.0
2025-08-08 03:00:00,0.03884,0.03901,0.03865,0.03887,595303.0
2025-08-08 03:30:00,0.03888,0.03902,0.03856,0.03879,801524.0
2025-08-08 04:00:00,0.03876,0.03893,0.03855,0.03879,883754.0
2025-08-08 04:30:00,0.03876,0.03889,0.0386,0.03881,881954.0
2025-08-08 05:00:00,0.0388,0.03883,0.03842,0.03875,1496931.0
2025-08-08 05:30:00,0.03874,0.03881,0.03853,0.03879,599186.0
2025-08-08 06:00:00,0.03879,0.03889,0.03854,0.03873,904601.0
2025-08-08 06:30:00,0.03875,0.03887,0.03853,0.03872,789572.0
2025-08-08 07:00:00,0.03871,0.03876,0.03851,0.03873,730190.0
2025-08-08 07:30:00,0.03871,0.03913,0.03865,0.03907,1329392.0
2025-08-08 08:00:00,0.03905,0.03942,0.03899,0.03925,2218381.0
2025-08-08 08:30:00,0.03928,0.0395,0.03883,0.03897,1143818.0
2025-08-08 09:00:00,0.03897,0.03899,0.03851,0.03866,2154428.0
2025-08-08 09:30:00,0.03865,0.03869,0.03836,0.03866,535602.0
2025-08-08 10:00:00,0.03865,0.03869,0.03851,0.03864,250883.0
2025-08-08 10:30:00,0.03866,0.0388,0.03851,0.03866,330795.0
2025-08-08 11:00:00,0.03865,0.03874,0.03832,0.03842,773198.0
2025-08-08 11:30:00,0.03843,0.03869,0.03786,0.03809,3660828.0
2025-08-08 12:00:00,0.03808,0.0384,0.03777,0.0383,2982281.0
2025-08-08 12:30:00,0.03827,0.03851,0.03806,0.03819,1782443.0
2025-08-08 13:00:00,0.03818,0.03823,0.03792,0.03807,1207441.0
2025-08-08 13:30:00,0.03809,0.03917,0.03796,0.03893,1609546.0
2025-08-08 14:00:00,0.03895,0.03904,0.03844,0.03863,1732765.0
2025-08-08 14:30:00,0.03862,0.03875,0.03836,0.03848,724949.0
2025-08-08 15:00:00,0.03851,0.03851,0.03774,0.03779,1890950.0
2025-08-08 15:30:00,0.03778,0.03789,0.03757,0.03778,687211.0
2025-08-08 16:00:00,0.0378,0.03803,0.0377,0.03782,546241.0
2025-08-08 16:30:00,0.03781,0.03796,0.0376,0.03781,1015616.0
2025-08-08 17:00:00,0.0378,0.03826,0.03773,0.03804,1134031.0
2025-08-08 17:30:00,0.03808,0.03865,0.03802,0.03864,650986.0
2025-08-08 18:00:00,0.03865,0.03896,0.03854,0.03861,1237077.0
2025-08-08 18:30:00,0.03862,0.039,0.03846,0.03874,1592980.0
2025-08-08 19:00:00,0.03873,0.03876,0.0382,0.03851,718599.0
2025-08-08 19:30:00,0.03852,0.03862,0.03841,0.03854,392425.0
2025-08-08 20:00:00,0.03856,0.03856,0.03802,0.03823,870782.0
2025-08-08 20:30:00,0.03823,0.0385,0.03808,0.03846,980444.0
2025-08-08 21:00:00,0.03848,0.03856,0.0378,0.03809,899673.0
2025-08-08 21:30:00,0.0381,0.03852,0.0381,0.03843,285260.0
2025-08-08 22:00:00,0.03844,0.03844,0.03818,0.03825,650358.0
2025-08-08 22:30:00,0.03824,0.03828,0.03801,0.03827,287542.0
2025-08-08 23:00:00,0.03826,0.0384,0.03815,0.03821,422420.0
2025-08-08 23:30:00,0.03821,0.03834,0.03783,0.03797,864052.0
2025-08-09 00:00:00,0.03799,0.03859,0.03783,0.03855,1588059.0
2025-08-09 00:30:00,0.0385,0.03861,0.03816,0.03818,456191.0
2025-08-09 01:00:00,0.03817,0.03845,0.03801,0.03832,308742.0
2025-08-09 01:30:00,0.03834,0.03861,0.03824,0.03858,311337.0
2025-08-09 02:00:00,0.03859,0.03873,0.0385,0.03856,225722.0
2025-08-09 02:30:00,0.03855,0.03865,0.03825,0.0385,375007.0
2025-08-09 03:00:00,0.03845,0.03845,0.03825,0.03827,480572.0
2025-08-09 03:30:00,0.03827,0.03864,0.03827,0.03854,773011.0
2025-08-09 04:00:00,0.03854,0.03875,0.03834,0.03837,485595.0
2025-08-09 04:30:00,0.03837,0.03872,0.03834,0.03846,609740.0
2025-08-09 05:00:00,0.03846,0.03909,0.03843,0.03893,1175792.0
2025-08-09 05:30:00,0.03889,0.0396,0.03883,0.03955,2161021.0
2025-08-09 06:00:00,0.03955,0.03982,0.03929,0.03935,2804749.0
2025-08-09 06:30:00,0.03934,0.03961,0.03872,0.03928,2236621.0
2025-08-09 07:00:00,0.03928,0.03967,0.039,0.0395,1561683.0
2025-08-09 07:30:00,0.03948,0.03997,0.03945,0.03984,1811391.0
2025-08-09 08:00:00,0.03982,0.04002,0.03959,0.03969,562387.0
2025-08-09 08:30:00,0.0397,0.03973,0.03945,0.03966,475468.0
2025-08-09 09:00:00,0.03963,0.0397,0.03931,0.03938,405251.0
2025-08-09 09:30:00,0.03937,0.03962,0.03925,0.03931,465770.0
2025-08-09 10:00:00,0.03929,0.03965,0.03922,0.03933,1760383.0
2025-08-09 10:30:00,0.03929,0.03949,0.03905,0.03927,906894.0
2025-08-09 11:00:00,0.03924,0.03937,0.03896,0.03916,603996.0
2025-08-09 11:30:00,0.03916,0.03935,0.03905,0.03922,204508.0
2025-08-09 12:00:00,0.03923,0.03946,0.03905,0.03932,507875.0
2025-08-09 12:30:00,0.03933,0.03955,0.03922,0.0395,295946.0
2025-08-09 13:00:00,0.03951,0.03956,0.03914,0.03916,703746.0
2025-08-09 13:30:00,0.03915,0.03943,0.03903,0.03921,458201.0
2025-08-09 14:00:00,0.03919,0.03932,0.03884,0.03892,739292.0
2025-08-09 14:30:00,0.03893,0.03907,0.03885,0.03905,203522.0
2025-08-09 15:00:00,0.03903,0.03924,0.03888,0.03899,1194516.0
2025-08-09 15:30:00,0.039,0.04076,0.0388,0.03993,5358560.0
2025-08-09 16:00:00,0.03991,0.04004,0.03965,0.03967,1041948.0
2025-08-09 16:30:00,0.03968,0.03988,0.03968,0.03973,389187.0
2025-08-09 17:00:00,0.03972,0.04023,0.03969,0.03977,855795.0
2025-08-09 17:30:00,0.03976,0.04043,0.03969,0.0402,1466436.0
2025-08-09 18:00:00,0.04018,0.04109,0.04016,0.04089,2451209.0
2025-08-09 18:30:00,0.04083,0.04083,0.04042,0.04053,628087.0
2025-08-09 19:00:00,0.04054,0.04057,0.04022,0.04035,715104.0
2025-08-09 19:30:00,0.04035,0.04035,0.03975,0.03992,1244443.0
2025-08-09 20:00:00,0.03993,0.04002,0.0395,0.03999,1247108.0
2025-08-09 20:30:00,0.03997,0.04045,0.03976,0.04045,679953.0
2025-08-09 21:00:00,0.04042,0.04069,0.04,0.04,672273.0
2025-08-09 21:30:00,0.03997,0.04007,0.03971,0.0399,442034.0
2025-08-09 22:00:00,0.03991,0.04024,0.03963,0.03978,1583638.0
2025-08-09 22:30:00,0.03978,0.04008,0.03944,0.03984,2241531.0
2025-08-09 23:00:00,0.0398,0.04079,0.03974,0.04072,583230.0
2025-08-09 23:30:00,0.04076,0.04091,0.04057,0.04065,501626.0
2025-08-10 00:00:00,0.04072,0.04111,0.04047,0.04073,1811133.0
2025-08-10 00:30:00,0.0407,0.04082,0.0403,0.04045,396430.0
2025-08-10 01:00:00,0.04045,0.04067,0.04028,0.04037,287946.0
2025-08-10 01:30:00,0.04037,0.04083,0.04027,0.04075,949599.0
2025-08-10 02:00:00,0.04073,0.04127,0.04027,0.04099,3379805.0
2025-08-10 02:30:00,0.04097,0.04184,0.04089,0.04174,1433603.0
2025-08-10 03:00:00,0.04166,0.04306,0.04149,0.0425,6673996.0
2025-08-10 03:30:00,0.0425,0.04304,0.04208,0.04279,4344108.0
2025-08-10 04:00:00,0.04277,0.04295,0.04084,0.04106,4036656.0
2025-08-10 04:30:00,0.04107,0.04184,0.041,0.04167,1623193.0
2025-08-10 05:00:00,0.04167,0.04215,0.04156,0.04189,1250916.0
2025-08-10 05:30:00,0.04198,0.04274,0.04036,0.04088,6924104.0
2025-08-10 06:00:00,0.04087,0.04125,0.04067,0.04078,957506.0
2025-08-10 06:30:00,0.04076,0.04148,0.04061,0.04148,776327.0
2025-08-10 07:00:00,0.04149,0.04149,0.04081,0.04086,1216015.0
2025-08-10 07:30:00,0.04084,0.04111,0.04035,0.04067,640294.0
2025-08-10 08:00:00,0.04069,0.04193,0.03997,0.04111,3981331.0
2025-08-10 08:30:00,0.04112,0.04179,0.04094,0.04151,1546075.0
2025-08-10 09:00:00,0.04153,0.04158,0.04107,0.04149,648356.0
2025-08-10 09:30:00,0.0415,0.0415,0.04102,0.04125,439616.0
2025-08-10 10:00:00,0.04124,0.04163,0.04098,0.0412,1060809.0
2025-08-10 10:30:00,0.04117,0.04173,0.04108,0.04142,1496262.0
2025-08-10 11:00:00,0.04146,0.04321,0.04122,0.04282,10225390.0
2025-08-10 11:30:00,0.04281,0.04427,0.04261,0.0433,15391020.0
2025-08-10 12:00:00,0.04335,0.04475,0.04171,0.04188,34998044.0
2025-08-10 12:30:00,0.04189,0.04272,0.04075,0.04118,13155598.0
2025-08-10 13:00:00,0.04116,0.04184,0.04095,0.04159,3459199.0
2025-08-10 13:30:00,0.04157,0.0416,0.04049,0.04055,4665088.0
2025-08-10 14:00:00,0.04058,0.04131,0.04018,0.04106,2948864.0
2025-08-10 14:30:00,0.04109,0.04144,0.04094,0.04137,1013465.0
2025-08-10 15:00:00,0.04136,0.04149,0.04046,0.04066,2651827.0
2025-08-10 15:30:00,0.04065,0.04083,0.04031,0.04047,915949.0
2025-08-10 16:00:00,0.04049,0.04094,0.04046,0.04072,1634965.0
2025-08-10 16:30:00,0.0407,0.04089,0.04058,0.04083,732891.0
2025-08-10 17:00:00,0.04082,0.0411,0.04063,0.04093,716536.0
2025-08-10 17:30:00,0.04093,0.04145,0.04093,0.04115,1371450.0
2025-08-10 18:00:00,0.04117,0.04146,0.04099,0.0413,727407.0
2025-08-10 18:30:00,0.04129,0.04156,0.04116,0.04153,907423.0
2025-08-10 19:00:00,0.04153,0.04182,0.04133,0.04142,993993.0
2025-08-10 19:30:00,0.04147,0.0418,0.04142,0.04177,396452.0
2025-08-10 20:00:00,0.04175,0.04207,0.04167,0.04191,1333759.0
2025-08-10 20:30:00,0.04193,0.04224,0.04183,0.042,431395.0
2025-08-10 21:00:00,0.04203,0.04205,0.0416,0.04172,630832.0
2025-08-10 21:30:00,0.04169,0.0419,0.0413,0.04182,1061824.0
2025-08-10 22:00:00,0.04184,0.04324,0.04167,0.04284,5071435.0
2025-08-10 22:30:00,0.04289,0.0431,0.04198,0.04295,2396435.0
2025-08-10 23:00:00,0.04302,0.04369,0.04214,0.04284,5280303.0
2025-08-10 23:30:00,0.04284,0.04302,0.04243,0.04256,1181122.0
2025-08-11 00:00:00,0.04253,0.04257,0.04177,0.04191,1841163.0
2025-08-11 00:30:00,0.04191,0.04217,0.04166,0.0421,1023669.0
2025-08-11 01:00:00,0.04206,0.04301,0.04186,0.04293,1689236.0
2025-08-11 01:30:00,0.04295,0.04325,0.04261,0.04325,2269218.0
2025-08-11 02:00:00,0.04321,0.04321,0.04274,0.04292,1019537.0
2025-08-11 02:30:00,0.04292,0.04337,0.04276,0.04317,471609.0
2025-08-11 03:00:00,0.04322,0.04329,0.04265,0.04268,913208.0
2025-08-11 03:30:00,0.0427,0.04346,0.04268,0.04334,855920.0
2025-08-11 04:00:00,0.04333,0.04366,0.04292,0.04309,2212690.0
2025-08-11 04:30:00,0.04303,0.0483,0.0428,0.04459,44871242.0
2025-08-11 05:00:00,0.04457,0.0447,0.0436,0.0439,6412344.0
2025-08-11 05:30:00,0.04389,0.04486,0.0435,0.04473,4071966.0
2025-08-11 06:00:00,0.04472,0.04537,0.04453,0.0452,3462492.0
2025-08-11 06:30:00,0.04517,0.04589,0.04514,0.0454,2885189.0
2025-08-11 07:00:00,0.04541,0.04541,0.04089,0.04426,36200867.0
2025-08-11 07:30:00,0.0443,0.04445,0.04169,0.0435,32495597.0
2025-08-11 08:00:00,0.0435,0.04418,0.04318,0.04354,3504031.0
2025-08-11 08:30:00,0.04357,0.04386,0.0431,0.04377,4139584.0
2025-08-11 09:00:00,0.04374,0.04426,0.04353,0.04385,2297385.0
2025-08-11 09:30:00,0.0438,0.04473,0.0437,0.04456,2261198.0
2025-08-11 10:00:00,0.04455,0.04586,0.04415,0.04442,5442077.0
2025-08-11 10:30:00,0.0444,0.04461,0.04391,0.04423,2150792.0
2025-08-11 11:00:00,0.04426,0.04431,0.04343,0.04357,1827156.0
2025-08-11 11:30:00,0.04357,0.044,0.04264,0.04305,2296510.0
2025-08-11 12:00:00,0.04306,0.04339,0.0414,0.04266,15269743.0
2025-08-11 12:30:00,0.04266,0.04595,0.04249,0.04453,21220669.0
2025-08-11 13:00:00,0.04452,0.0453,0.04381,0.04512,6432341.0
2025-08-11 13:30:00,0.04517,0.04522,0.04428,0.04504,5265983.0
2025-08-11 14:00:00,0.04501,0.04506,0.04405,0.04469,1912559.0
2025-08-11 14:30:00,0.04468,0.04516,0.04429,0.04484,2387240.0
2025-08-11 15:00:00,0.04482,0.04482,0.04405,0.04432,2940590.0
2025-08-11 15:30:00,0.04426,0.04586,0.04419,0.04578,2427410.0
2025-08-11 16:00:00,0.04574,0.04576,0.04487,0.04523,2121052.0
2025-08-11 16:30:00,0.04518,0.04571,0.04494,0.04551,1750804.0
2025-08-11 17:00:00,0.04542,0.04552,0.04437,0.04476,2946475.0
2025-08-11 17:30:00,0.04477,0.04481,0.04361,0.04427,1841094.0
2025-08-11 18:00:00,0.04428,0.04435,0.04386,0.04416,812734.0
2025-08-11 18:30:00,0.04415,0.04415,0.04365,0.04388,556824.0
2025-08-11 19:00:00,0.04389,0.04414,0.04293,0.04321,2562435.0
2025-08-11 19:30:00,0.04319,0.0433,0.04282,0.04309,1137454.0
2025-08-11 20:00:00,0.0431,0.0433,0.0429,0.04317,600493.0
2025-08-11 20:30:00,0.04317,0.04324,0.04241,0.04252,933423.0
2025-08-11 21:00:00,0.04246,0.04252,0.04171,0.04217,3481032.0
2025-08-11 21:30:00,0.04211,0.04219,0.04148,0.04215,1899969.0
2025-08-11 22:00:00,0.04211,0.04247,0.04051,0.04089,12231375.0
2025-08-11 22:30:00,0.04082,0.04142,0.0406,0.04123,2000822.0
2025-08-11 23:00:00,0.04125,0.0415,0.04111,0.04136,619951.0
2025-08-11 23:30:00,0.04136,0.04137,0.04105,0.04118,628108.0
2025-08-12 00:00:00,0.04119,0.04132,0.04072,0.04094,1515638.0
2025-08-12 00:30:00,0.04095,0.04134,0.04064,0.0413,1184258.0
2025-08-12 01:00:00,0.04129,0.04137,0.04083,0.04128,1527189.0
2025-08-12 01:30:00,0.04129,0.04174,0.04104,0.04127,948228.0
2025-08-12 02:00:00,0.04125,0.0414,0.04089,0.04114,585950.0
2025-08-12 02:30:00,0.04114,0.04167,0.04111,0.04146,613395.0
2025-08-12 03:00:00,0.04141,0.04157,0.04093,0.04123,974484.0
2025-08-12 03:30:00,0.04124,0.04141,0.041,0.04127,506986.0
2025-08-12 04:00:00,0.0413,0.04163,0.04114,0.04155,583400.0
2025-08-12 04:30:00,0.04157,0.04192,0.04143,0.04153,916209.0
2025-08-12 05:00:00,0.04151,0.04169,0.04122,0.04126,691650.0
2025-08-12 05:30:00,0.04133,0.04163,0.04083,0.0416,1325018.0
2025-08-12 06:00:00,0.0416,0.04163,0.04097,0.04151,442546.0
2025-08-12 06:30:00,0.04147,0.04169,0.04126,0.04151,307864.0
2025-08-12 07:00:00,0.0415,0.04166,0.04131,0.04152,321255.0
2025-08-12 07:30:00,0.04148,0.0418,0.04133,0.04157,366605.0
2025-08-12 08:00:00,0.0416,0.04166,0.04078,0.04084,917581.0
2025-08-12 08:30:00,0.04087,0.04115,0.04075,0.04092,665467.0
2025-08-12 09:00:00,0.04095,0.04097,0.04034,0.04067,1368007.0
2025-08-12 09:30:00,0.04069,0.04102,0.0405,0.04082,948499.0
2025-08-12 10:00:00,0.04082,0.04089,0.04038,0.04075,908076.0
2025-08-12 10:30:00,0.04082,0.04101,0.04052,0.04074,404508.0
2025-08-12 11:00:00,0.04073,0.04086,0.04055,0.04065,596485.0
2025-08-12 11:30:00,0.04065,0.0408,0.04051,0.04071,242273.0
2025-08-12 12:00:00,0.04067,0.04104,0.04059,0.04099,209524.0
2025-08-12 12:30:00,0.04106,0.04208,0.04105,0.04149,2645821.0
2025-08-12 13:00:00,0.04152,0.04195,0.0412,0.04175,936920.0
2025-08-12 13:30:00,0.04178,0.04179,0.04027,0.04113,2459858.0
2025-08-12 14:00:00,0.04109,0.04162,0.04085,0.04152,838475.0
2025-08-12 14:30:00,0.04159,0.04184,0.04149,0.04184,694280.0
2025-08-12 15:00:00,0.04186,0.04207,0.0417,0.04196,768960.0
2025-08-12 15:30:00,0.04192,0.04249,0.04192,0.04231,1036623.0
2025-08-12 16:00:00,0.04228,0.04235,0.04186,0.04207,1158057.0
2025-08-12 16:30:00,0.04204,0.04304,0.04198,0.04293,3456306.0
2025-08-12 17:00:00,0.04288,0.04313,0.04257,0.04267,2186921.0
2025-08-12 17:30:00,0.04268,0.043,0.04263,0.04297,432701.0
2025-08-12 18:00:00,0.04294,0.04295,0.04219,0.04248,1311867.0
2025-08-12 18:30:00,0.0425,0.0427,0.042,0.04213,1086753.0
2025-08-12 19:00:00,0.04209,0.04244,0.04206,0.04239,402372.0
2025-08-12 19:30:00,0.04237,0.04274,0.0423,0.04261,591911.0
2025-08-12 20:00:00,0.04261,0.04331,0.04253,0.04313,1152374.0
2025-08-12 20:30:00,0.04312,0.04315,0.04274,0.04279,605212.0
2025-08-12 21:00:00,0.04279,0.04399,0.04272,0.04343,2379699.0
2025-08-12 21:30:00,0.04338,0.0436,0.04307,0.04316,1174787.0
2025-08-12 22:00:00,0.04316,0.04352,0.04291,0.04337,367486.0
2025-08-12 22:30:00,0.04335,0.04343,0.04314,0.04339,413609.0
2025-08-12 23:00:00,0.04336,0.04336,0.04306,0.04323,271706.0
2025-08-12 23:30:00,0.04325,0.04349,0.04291,0.04298,231939.0
2025-08-13 00:00:00,0.04296,0.04301,0.04252,0.04263,1069192.0
2025-08-13 00:30:00,0.04262,0.04313,0.04253,0.04304,559695.0
2025-08-13 01:00:00,0.04302,0.04304,0.04233,0.04254,871803.0
2025-08-13 01:30:00,0.04254,0.04292,0.04238,0.04264,585579.0
2025-08-13 02:00:00,0.04264,0.04269,0.0421,0.04255,1167435.0
2025-08-13 02:30:00,0.04255,0.04278,0.04226,0.04264,793520.0
2025-08-13 03:00:00,0.04264,0.04297,0.04238,0.04245,540289.0
2025-08-13 03:30:00,0.04243,0.0426,0.04201,0.04211,653025.0
2025-08-13 04:00:00,0.04211,0.04241,0.04199,0.04211,511295.0
2025-08-13 04:30:00,0.04214,0.04232,0.04204,0.04216,387839.0
2025-08-13 05:00:00,0.04209,0.04243,0.04198,0.04215,359803.0
2025-08-13 05:30:00,0.04217,0.04225,0.04169,0.04185,437283.0
2025-08-13 06:00:00,0.0418,0.04207,0.04142,0.04196,1556200.0
2025-08-13 06:30:00,0.04195,0.04223,0.04187,0.04208,433834.0
2025-08-13 07:00:00,0.04208,0.0422,0.04202,0.04213,313001.0
2025-08-13 07:30:00,0.04213,0.04226,0.04193,0.04207,415879.0
2025-08-13 08:00:00,0.04206,0.04257,0.04203,0.04254,547103.0
2025-08-13 08:30:00,0.04252,0.04272,0.04225,0.0425,665250.0
2025-08-13 09:00:00,0.04252,0.04258,0.04216,0.04228,380383.0
2025-08-13 09:30:00,0.04226,0.04269,0.04216,0.04237,533648.0
2025-08-13 10:00:00,0.04237,0.04286,0.04215,0.04283,769515.0
2025-08-13 10:30:00,0.04281,0.04294,0.04242,0.04245,334687.0
2025-08-13 11:00:00,0.04248,0.04253,0.04189,0.04228,1261005.0
2025-08-13 11:30:00,0.04227,0.04251,0.04219,0.04236,618748.0
2025-08-13 12:00:00,0.04233,0.04263,0.04204,0.04234,931281.0
2025-08-13 12:30:00,0.04232,0.04273,0.04217,0.0422,327719.0
2025-08-13 13:00:00,0.04221,0.04246,0.04203,0.04236,281845.0
2025-08-13 13:30:00,0.04236,0.0425,0.0416,0.04177,1186642.0
2025-08-13 14:00:00,0.04174,0.04195,0.04144,0.04184,1066298.0
2025-08-13 14:30:00,0.04177,0.04188,0.0412,0.04138,831705.0
2025-08-13 15:00:00,0.04132,0.04158,0.0409,0.041,1144400.0
2025-08-13 15:30:00,0.04101,0.04123,0.04045,0.04068,1340089.0
2025-08-13 16:00:00,0.0407,0.04097,0.03977,0.04025,4191938.0
2025-08-13 16:30:00,0.04022,0.04064,0.03984,0.0399,2760467.0
2025-08-13 17:00:00,0.03988,0.04017,0.03974,0.03988,1408759.0
2025-08-13 17:30:00,0.03988,0.04005,0.03972,0.03983,759810.0
2025-08-13 18:00:00,0.03984,0.04004,0.03947,0.03958,1738924.0
2025-08-13 18:30:00,0.03955,0.03973,0.03933,0.03963,680145.0
2025-08-13 19:00:00,0.03963,0.04014,0.03951,0.04007,1052526.0
2025-08-13 19:30:00,0.04005,0.04012,0.03938,0.03969,2084360.0
2025-08-13 20:00:00,0.03967,0.03981,0.03955,0.0397,530286.0
2025-08-13 20:30:00,0.0397,0.04014,0.0397,0.03981,1739239.0
2025-08-13 21:00:00,0.03982,0.04008,0.03969,0.03987,1930832.0
2025-08-13 21:30:00,0.03984,0.03995,0.03949,0.03954,809258.0
2025-08-13 22:00:00,0.03956,0.0398,0.03947,0.03967,614623.0
2025-08-13 22:30:00,0.03967,0.04036,0.03965,0.04001,1053480.0
2025-08-13 23:00:00,0.04002,0.04013,0.0399,0.04012,722487.0
2025-08-13 23:30:00,0.04013,0.04072,0.04004,0.04046,1524056.0
2025-08-14 00:00:00,0.04048,0.04063,0.04025,0.0403,999268.0
2025-08-14 00:30:00,0.0403,0.04051,0.04001,0.04034,599130.0
2025-08-14 01:00:00,0.04033,0.04038,0.03995,0.04004,1486221.0
2025-08-14 01:30:00,0.04003,0.04034,0.04002,0.04021,423975.0
2025-08-14 02:00:00,0.04017,0.04051,0.04005,0.04025,771144.0
2025-08-14 02:30:00,0.04024,0.04055,0.04011,0.04041,1259422.0
2025-08-14 03:00:00,0.0404,0.04054,0.04023,0.04023,641188.0
2025-08-14 03:30:00,0.04024,0.04091,0.04024,0.04068,779129.0
2025-08-14 04:00:00,0.04069,0.0408,0.0405,0.04066,727908.0
2025-08-14 04:30:00,0.04068,0.04087,0.04052,0.04066,666657.0
2025-08-14 05:00:00,0.04064,0.04073,0.0403,0.04045,5720056.0
2025-08-14 05:30:00,0.04045,0.04045,0.03992,0.04005,8036981.0
2025-08-14 06:00:00,0.04004,0.04005,0.03942,0.03953,7321060.0
2025-08-14 06:30:00,0.03954,0.03969,0.03924,0.03934,1985468.0
2025-08-14 07:00:00,0.03935,0.03938,0.03889,0.0391,2119438.0
2025-08-14 07:30:00,0.03909,0.03944,0.039,0.03941,876629.0
2025-08-14 08:00:00,0.03941,0.03942,0.0386,0.03884,2715425.0
2025-08-14 08:30:00,0.03886,0.03889,0.0384,0.03887,1167757.0
2025-08-14 09:00:00,0.03888,0.03909,0.03869,0.03902,1007279.0
2025-08-14 09:30:00,0.03901,0.03944,0.03878,0.03922,915077.0
2025-08-14 10:00:00,0.03923,0.03925,0.03896,0.03906,430001.0
2025-08-14 10:30:00,0.03907,0.03916,0.03882,0.03908,929286.0
2025-08-14 11:00:00,0.03907,0.03965,0.03893,0.03956,1441712.0
2025-08-14 11:30:00,0.03955,0.03964,0.03916,0.03932,481838.0
2025-08-14 12:00:00,0.03936,0.0396,0.03908,0.0395,446890.0
2025-08-14 12:30:00,0.03948,0.03948,0.03667,0.03744,9463004.0
2025-08-14 13:00:00,0.0375,0.03836,0.03665,0.03793,2639221.0
2025-08-14 13:30:00,0.03793,0.03813,0.0375,0.03772,1292552.0
2025-08-14 14:00:00,0.03774,0.03779,0.03721,0.03752,1091746.0
2025-08-14 14:30:00,0.03754,0.0377,0.03739,0.03762,482530.0
2025-08-14 15:00:00,0.0376,0.0377,0.03704,0.03707,759176.0
2025-08-14 15:30:00,0.03706,0.0374,0.037,0.03718,690281.0
2025-08-14 16:00:00,0.03718,0.03721,0.03585,0.03627,4967473.0
2025-08-14 16:30:00,0.03625,0.03658,0.03617,0.03632,1162193.0
2025-08-14 17:00:00,0.03628,0.03649,0.03615,0.0362,1216299.0
2025-08-14 17:30:00,0.0362,0.03644,0.03616,0.03629,423365.0
2025-08-14 18:00:00,0.03628,0.03641,0.03591,0.03619,746188.0
2025-08-14 18:30:00,0.03617,0.03644,0.03597,0.03629,365159.0
2025-08-14 19:00:00,0.03628,0.03634,0.03594,0.0361,584800.0
2025-08-14 19:30:00,0.03603,0.03625,0.0357,0.03577,851237.0
2025-08-14 20:00:00,0.03575,0.03607,0.03566,0.03588,605077.0
2025-08-14 20:30:00,0.03588,0.03615,0.03573,0.03604,627765.0
2025-08-14 21:00:00,0.03599,0.03629,0.03565,0.03569,614471.0
2025-08-14 21:30:00,0.03569,0.03617,0.03547,0.03609,623600.0
2025-08-14 22:00:00,0.03607,0.03621,0.03595,0.03618,248160.0
2025-08-14 22:30:00,0.03618,0.03626,0.03597,0.03609,405455.0
2025-08-14 23:00:00,0.0361,0.03631,0.03597,0.03613,608195.0
2025-08-14 23:30:00,0.03613,0.03638,0.036,0.03619,441640.0
2025-08-15 00:00:00,0.03616,0.03657,0.03612,0.03618,604191.0
2025-08-15 00:30:00,0.03618,0.03634,0.03584,0.03602,650376.0
2025-08-15 01:00:00,0.03597,0.0363,0.03595,0.03619,566189.0
2025-08-15 01:30:00,0.03617,0.03628,0.03599,0.03627,474924.0
2025-08-15 02:00:00,0.03625,0.03645,0.03607,0.03607,347179.0
2025-08-15 02:30:00,0.03609,0.03638,0.03606,0.03621,567710.0
2025-08-15 03:00:00,0.03622,0.03677,0.03604,0.03672,712692.0
2025-08-15 03:30:00,0.03672,0.03694,0.03655,0.03676,555064.0
2025-08-15 04:00:00,0.03674,0.03722,0.03645,0.03647,1172790.0
2025-08-15 04:30:00,0.03646,0.03682,0.03633,0.03641,584297.0
2025-08-15 05:00:00,0.03641,0.03665,0.03627,0.03627,577284.0
2025-08-15 05:30:00,0.03626,0.0367,0.03625,0.03659,945103.0
2025-08-15 06:00:00,0.03659,0.0369,0.03638,0.03659,539038.0
2025-08-15 06:30:00,0.03659,0.03675,0.03644,0.03658,744213.0
2025-08-15 07:00:00,0.03655,0.03663,0.03601,0.03638,896884.0
2025-08-15 07:30:00,0.03637,0.03669,0.0363,0.0363,916370.0
2025-08-15 08:00:00,0.03632,0.03671,0.03631,0.03634,490357.0
2025-08-15 08:30:00,0.03636,0.03659,0.03596,0.03617,1431140.0
2025-08-15 09:00:00,0.03619,0.03636,0.03597,0.03599,448475.0
2025-08-15 09:30:00,0.03601,0.03639,0.03596,0.03621,758271.0
2025-08-15 10:00:00,0.03621,0.03679,0.03615,0.03644,1255239.0
2025-08-15 10:30:00,0.03645,0.03661,0.0363,0.03648,690265.0
2025-08-15 11:00:00,0.03647,0.03676,0.03622,0.03639,641626.0
2025-08-15 11:30:00,0.03637,0.03662,0.03623,0.03629,644663.0
2025-08-15 12:00:00,0.03629,0.03656,0.03613,0.03622,962017.0
2025-08-15 12:30:00,0.03622,0.03657,0.03614,0.03631,655892.0
2025-08-15 13:00:00,0.03632,0.03673,0.03627,0.03673,373838.0
2025-08-15 13:30:00,0.03672,0.03696,0.03644,0.03651,902816.0
2025-08-15 14:00:00,0.03652,0.03673,0.03634,0.03649,521478.0
2025-08-15 14:30:00,0.03651,0.03653,0.03616,0.03628,435645.0
2025-08-15 15:00:00,0.03632,0.037,0.03621,0.03663,3466077.0
2025-08-15 15:30:00,0.03666,0.03695,0.03598,0.03607,2190349.0
2025-08-15 16:00:00,0.03612,0.03619,0.03563,0.03575,1237707.0
2025-08-15 16:30:00,0.03577,0.03588,0.03566,0.03584,417528.0
2025-08-15 17:00:00,0.03585,0.03598,0.03557,0.03593,978564.0
2025-08-15 17:30:00,0.0359,0.03601,0.03567,0.03576,822630.0
2025-08-15 18:00:00,0.03576,0.03601,0.03576,0.03591,394144.0
2025-08-15 18:30:00,0.03591,0.03599,0.03559,0.03565,356635.0
2025-08-15 19:00:00,0.03565,0.0359,0.03557,0.03575,348969.0
2025-08-15 19:30:00,0.03576,0.03596,0.03572,0.03591,240678.0
2025-08-15 20:00:00,0.03595,0.03611,0.0359,0.03607,597292.0
2025-08-15 20:30:00,0.03608,0.03618,0.03591,0.03611,442167.0
2025-08-15 21:00:00,0.03612,0.03619,0.03598,0.03611,190403.0
2025-08-15 21:30:00,0.03611,0.03619,0.03602,0.03615,134877.0
2025-08-15 22:00:00,0.03617,0.03656,0.03597,0.03649,1627901.0
2025-08-15 22:30:00,0.0365,0.03699,0.03643,0.0368,1533269.0
2025-08-15 23:00:00,0.03683,0.037,0.03643,0.03661,568116.0
2025-08-15 23:30:00,0.03661,0.03661,0.03632,0.03645,330223.0
2025-08-16 00:00:00,0.03645,0.03669,0.0363,0.03632,378738.0
2025-08-16 00:30:00,0.0363,0.03664,0.03624,0.03654,1755383.0
2025-08-16 01:00:00,0.03654,0.03666,0.03651,0.03655,347206.0
2025-08-16 01:30:00,0.03654,0.0369,0.03652,0.03678,572980.0
2025-08-16 02:00:00,0.03677,0.03697,0.03671,0.03676,218252.0
2025-08-16 02:30:00,0.03677,0.03691,0.03674,0.03675,344035.0
2025-08-16 03:00:00,0.03678,0.03684,0.03669,0.03676,267264.0
2025-08-16 03:30:00,0.03673,0.03682,0.03656,0.03659,151637.0
2025-08-16 04:00:00,0.03657,0.03661,0.03647,0.03656,142718.0
2025-08-16 04:30:00,0.03655,0.03664,0.03645,0.03649,147960.0
2025-08-16 05:00:00,0.03648,0.03651,0.03637,0.03642,225186.0
2025-08-16 05:30:00,0.03646,0.03686,0.03612,0.03629,2172191.0
2025-08-16 06:00:00,0.03629,0.03643,0.03621,0.03639,217324.0
2025-08-16 06:30:00,0.0364,0.03648,0.0363,0.03636,156161.0
2025-08-16 07:00:00,0.03637,0.03641,0.03629,0.03641,173622.0
2025-08-16 07:30:00,0.03639,0.03676,0.03636,0.0364,1028842.0
2025-08-16 08:00:00,0.03643,0.03677,0.03642,0.03655,437842.0
2025-08-16 08:30:00,0.03656,0.0367,0.03649,0.03653,248523.0
2025-08-16 09:00:00,0.03651,0.03665,0.03646,0.03657,381992.0
2025-08-16 09:30:00,0.03659,0.03671,0.03614,0.03615,528453.0
2025-08-16 10:00:00,0.03612,0.03639,0.03605,0.03634,530018.0
2025-08-16 10:30:00,0.03636,0.03671,0.03618,0.03647,753313.0
2025-08-16 11:00:00,0.03647,0.03697,0.03647,0.03665,741739.0
2025-08-16 11:30:00,0.03663,0.03681,0.0365,0.03653,351017.0
2025-08-16 12:00:00,0.0366,0.03668,0.03648,0.0365,610833.0
2025-08-16 12:30:00,0.03659,0.03661,0.03633,0.0364,607004.0
2025-08-16 13:00:00,0.03642,0.03663,0.03642,0.03656,273648.0
2025-08-16 13:30:00,0.03658,0.0367,0.0364,0.03645,170239.0
2025-08-16 14:00:00,0.03643,0.03699,0.03641,0.03687,828781.0
2025-08-16 14:30:00,0.03688,0.03753,0.03683,0.0374,1186552.0
2025-08-16 15:00:00,0.0374,0.03755,0.03709,0.03721,857978.0
2025-08-16 15:30:00,0.03718,0.03762,0.037,0.03757,1667826.0
2025-08-16 16:00:00,0.03756,0.03802,0.03752,0.03789,3333688.0
2025-08-16 16:30:00,0.03789,0.03801,0.03755,0.03777,1848604.0
2025-08-16 17:00:00,0.0378,0.03795,0.03769,0.03778,644387.0
2025-08-16 17:30:00,0.03781,0.03869,0.03764,0.03815,3985146.0
2025-08-16 18:00:00,0.03813,0.03924,0.03808,0.03915,4787482.0
2025-08-16 18:30:00,0.03917,0.03937,0.03857,0.03858,5310509.0
2025-08-16 19:00:00,0.03862,0.03979,0.03854,0.03966,4272629.0
2025-08-16 19:30:00,0.03966,0.04002,0.03948,0.03979,2057077.0
2025-08-16 20:00:00,0.03978,0.04028,0.03947,0.04028,2395462.0
2025-08-16 20:30:00,0.04027,0.04085,0.04017,0.04081,4272918.0
2025-08-16 21:00:00,0.04078,0.04141,0.04028,0.04134,4199412.0
2025-08-16 21:30:00,0.04133,0.04205,0.04076,0.0411,11972259.0
2025-08-16 22:00:00,0.04114,0.04114,0.03843,0.03892,15988948.0
2025-08-16 22:30:00,0.03892,0.03899,0.03811,0.03834,2246311.0
2025-08-16 23:00:00,0.03835,0.03853,0.03814,0.03835,886008.0
2025-08-16 23:30:00,0.03835,0.03884,0.03828,0.03883,1138952.0
2025-08-17 00:00:00,0.03884,0.03924,0.03856,0.0387,2398835.0
2025-08-17 00:30:00,0.03872,0.03891,0.03855,0.03884,484198.0
2025-08-17 01:00:00,0.03884,0.03905,0.03859,0.03877,1215449.0
2025-08-17 01:30:00,0.03876,0.03896,0.03864,0.03889,583497.0
2025-08-17 02:00:00,0.03889,0.03905,0.03871,0.03891,684945.0
2025-08-17 02:30:00,0.03892,0.03937,0.03884,0.03935,495447.0
2025-08-17 03:00:00,0.03934,0.03942,0.03859,0.03881,1705172.0
2025-08-17 03:30:00,0.03882,0.03891,0.03866,0.03888,341378.0
2025-08-17 04:00:00,0.03886,0.03934,0.0387,0.03903,958542.0
2025-08-17 04:30:00,0.03902,0.03914,0.0388,0.03899,563889.0
2025-08-17 05:00:00,0.03905,0.03913,0.03877,0.03886,701583.0
2025-08-17 05:30:00,0.03887,0.0391,0.03886,0.03907,264278.0
2025-08-17 06:00:00,0.03907,0.03912,0.03888,0.03901,416522.0
2025-08-17 06:30:00,0.03901,0.0392,0.03889,0.03917,651217.0
2025-08-17 07:00:00,0.03918,0.03929,0.03901,0.03929,582859.0
2025-08-17 07:30:00,0.03926,0.03966,0.03912,0.03962,1134483.0
2025-08-17 08:00:00,0.0396,0.04059,0.03932,0.03957,5484775.0
2025-08-17 08:30:00,0.03959,0.04038,0.03954,0.04023,2709159.0
2025-08-17 09:00:00,0.04024,0.04037,0.03957,0.03984,2683631.0
2025-08-17 09:30:00,0.03982,0.03993,0.03946,0.03985,1019604.0
2025-08-17 10:00:00,0.03988,0.04026,0.03987,0.04022,995084.0
2025-08-17 10:30:00,0.04022,0.04041,0.03986,0.04004,2199528.0
2025-08-17 11:00:00,0.04004,0.04033,0.03984,0.04011,1875806.0
2025-08-17 11:30:00,0.04012,0.04023,0.03979,0.03987,790379.0
2025-08-17 12:00:00,0.03993,0.04013,0.03975,0.03976,776843.0
2025-08-17 12:30:00,0.0398,0.03996,0.03941,0.03996,1161124.0
2025-08-17 13:00:00,0.03994,0.04025,0.03977,0.04014,1462819.0
2025-08-17 13:30:00,0.04014,0.04023,0.03981,0.04017,683565.0
2025-08-17 14:00:00,0.04018,0.04037,0.04,0.0403,1097356.0
2025-08-17 14:30:00,0.04029,0.04153,0.04025,0.04093,10304549.0
2025-08-17 15:00:00,0.04094,0.04121,0.04062,0.0409,4723669.0
2025-08-17 15:30:00,0.0409,0.04114,0.04065,0.04108,2538082.0
2025-08-17 16:00:00,0.04106,0.04152,0.04087,0.04108,3117987.0
2025-08-17 16:30:00,0.04111,0.04363,0.04104,0.04331,67384108.0
2025-08-17 17:00:00,0.04331,0.04471,0.04324,0.04428,56220879.0
2025-08-17 17:30:00,0.04429,0.0456,0.04271,0.04417,127614642.0
2025-08-17 18:00:00,0.04417,0.04492,0.04234,0.04286,62920594.0
2025-08-17 18:30:00,0.04285,0.04323,0.04164,0.0425,23486899.0
2025-08-17 19:00:00,0.04248,0.04306,0.04215,0.04286,8828361.0
2025-08-17 19:30:00,0.04285,0.04347,0.04267,0.04314,8590755.0
2025-08-17 20:00:00,0.04312,0.04332,0.04266,0.04319,5112896.0
2025-08-17 20:30:00,0.04319,0.04395,0.04319,0.04371,6440009.0
2025-08-17 21:00:00,0.04372,0.04468,0.04353,0.04405,7068544.0
2025-08-17 21:30:00,0.04405,0.04444,0.044,0.04408,5838339.0
2025-08-17 22:00:00,0.04404,0.04529,0.04379,0.04524,11332288.0
2025-08-17 22:30:00,0.04525,0.04657,0.04498,0.04653,31884836.0
2025-08-17 23:00:00,0.04656,0.04763,0.04582,0.04587,50987320.0
2025-08-17 23:30:00,0.04591,0.04639,0.04328,0.04361,38113067.0
2025-08-18 00:00:00,0.0436,0.04364,0.04201,0.04275,30654920.0
2025-08-18 00:30:00,0.04279,0.04288,0.04216,0.04255,9357619.0
2025-08-18 01:00:00,0.04252,0.04262,0.04183,0.04231,8028789.0
2025-08-18 01:30:00,0.04228,0.04236,0.04115,0.04156,11165394.0
2025-08-18 02:00:00,0.04157,0.04166,0.04111,0.0413,7060563.0
2025-08-18 02:30:00,0.04134,0.04136,0.0402,0.0404,17567959.0
2025-08-18 03:00:00,0.04039,0.04053,0.03944,0.03955,15783059.0
2025-08-18 03:30:00,0.03953,0.03987,0.03891,0.03973,9985614.0
2025-08-18 04:00:00,0.03972,0.0398,0.03924,0.03965,6202182.0
2025-08-18 04:30:00,0.03963,0.03965,0.03902,0.03959,3427419.0
2025-08-18 05:00:00,0.03959,0.04017,0.03957,0.04003,7133867.0
2025-08-18 05:30:00,0.04004,0.04008,0.03927,0.03959,3944009.0
2025-08-18 06:00:00,0.03959,0.03959,0.03849,0.03865,8106798.0
2025-08-18 06:30:00,0.03865,0.03869,0.03806,0.03837,5674065.0
2025-08-18 07:00:00,0.03836,0.0386,0.03827,0.03838,2591180.0
2025-08-18 07:30:00,0.03837,0.03914,0.03834,0.03903,4983382.0
2025-08-18 08:00:00,0.03903,0.03935,0.03894,0.03921,2543676.0
2025-08-18 08:30:00,0.03921,0.03922,0.03853,0.03871,3057228.0
2025-08-18 09:00:00,0.03874,0.03875,0.03829,0.03836,2390543.0
2025-08-18 09:30:00,0.03835,0.03964,0.03834,0.03935,6003869.0
2025-08-18 10:00:00,0.03934,0.03945,0.039,0.03937,3000563.0
2025-08-18 10:30:00,0.03936,0.03964,0.03879,0.03885,2692088.0
2025-08-18 11:00:00,0.03884,0.03958,0.03877,0.03948,3027808.0
2025-08-18 11:30:00,0.03948,0.03948,0.03883,0.03887,1409864.0
2025-08-18 12:00:00,0.03889,0.0393,0.03883,0.03896,1924006.0
2025-08-18 12:30:00,0.03897,0.03949,0.03897,0.03943,1732242.0
2025-08-18 13:00:00,0.03944,0.04,0.03933,0.03989,5293020.0
2025-08-18 13:30:00,0.03986,0.04,0.03901,0.03911,4523222.0
2025-08-18 14:00:00,0.03909,0.03977,0.03905,0.0394,2956640.0
2025-08-18 14:30:00,0.03942,0.03959,0.03884,0.03956,3406284.0
2025-08-18 15:00:00,0.03957,0.03958,0.03864,0.03871,2185193.0
2025-08-18 15:30:00,0.03871,0.039,0.0385,0.03896,2405340.0
2025-08-18 16:00:00,0.03894,0.03953,0.03888,0.03895,2354816.0
2025-08-18 16:30:00,0.03894,0.03939,0.03883,0.03925,1207280.0
2025-08-18 17:00:00,0.03925,0.04003,0.03892,0.03956,3171949.0
2025-08-18 17:30:00,0.03956,0.04009,0.03951,0.03959,3037926.0
2025-08-18 18:00:00,0.03959,0.0399,0.03938,0.03983,1348386.0
2025-08-18 18:30:00,0.03983,0.04038,0.03971,0.04016,3005870.0
2025-08-18 19:00:00,0.04018,0.04033,0.0397,0.03984,1983076.0
2025-08-18 19:30:00,0.03985,0.03986,0.03932,0.03943,1500466.0
2025-08-18 20:00:00,0.03943,0.03963,0.03936,0.03954,772127.0
2025-08-18 20:30:00,0.03954,0.03954,0.03921,0.03933,549146.0
2025-08-18 21:00:00,0.03932,0.03965,0.03925,0.03957,390042.0
2025-08-18 21:30:00,0.03954,0.04023,0.03954,0.04017,1357563.0
2025-08-18 22:00:00,0.04015,0.04028,0.03993,0.04011,1762091.0
2025-08-18 22:30:00,0.04015,0.04019,0.03936,0.03954,1462959.0
2025-08-18 23:00:00,0.03952,0.03966,0.03905,0.03949,4310474.0
2025-08-18 23:30:00,0.03947,0.03951,0.03891,0.03899,1271638.0
2025-08-19 00:00:00,0.03898,0.03906,0.0382,0.03833,2967921.0
2025-08-19 00:30:00,0.03835,0.03944,0.03762,0.03939,7913874.0
2025-08-19 01:00:00,0.03939,0.03988,0.03928,0.03937,2865605.0
2025-08-19 01:30:00,0.03937,0.03937,0.03855,0.03885,1996134.0
2025-08-19 02:00:00,0.03884,0.03908,0.03844,0.03903,1651057.0
2025-08-19 02:30:00,0.03902,0.03927,0.03879,0.0388,878033.0
2025-08-19 03:00:00,0.03881,0.03928,0.03866,0.03901,1592284.0
2025-08-19 03:30:00,0.03901,0.0393,0.03889,0.03908,2142488.0
2025-08-19 04:00:00,0.03907,0.03909,0.03861,0.03884,1431734.0
2025-08-19 04:30:00,0.03886,0.03908,0.03879,0.03899,678924.0
2025-08-19 05:00:00,0.03897,0.03914,0.03877,0.03888,856470.0
2025-08-19 05:30:00,0.0389,0.03908,0.0388,0.03885,614215.0
2025-08-19 06:00:00,0.03885,0.03912,0.03822,0.03866,2641119.0
2025-08-19 06:30:00,0.03864,0.03908,0.03857,0.03892,1683457.0
2025-08-19 07:00:00,0.03895,0.03903,0.03865,0.03878,1696667.0
2025-08-19 07:30:00,0.03878,0.03888,0.03824,0.03849,2339788.0
2025-08-19 08:00:00,0.03848,0.03852,0.03802,0.03841,2244552.0
2025-08-19 08:30:00,0.0384,0.04037,0.03823,0.04027,11075227.0
2025-08-19 09:00:00,0.04029,0.04045,0.03961,0.03999,5739086.0
2025-08-19 09:30:00,0.03993,0.04018,0.03964,0.04017,4176461.0
2025-08-19 10:00:00,0.04012,0.04172,0.0401,0.04159,7749766.0
2025-08-19 10:30:00,0.04157,0.04306,0.04146,0.0421,20213677.0
2025-08-19 11:00:00,0.04215,0.04273,0.04176,0.04222,12455875.0
2025-08-19 11:30:00,0.04219,0.04316,0.04193,0.04308,7301924.0
2025-08-19 12:00:00,0.04309,0.04312,0.04216,0.04257,10723362.0
2025-08-19 12:30:00,0.04257,0.04303,0.0424,0.04277,6986795.0
2025-08-19 13:00:00,0.04273,0.04412,0.04267,0.044,15127294.0
2025-08-19 13:30:00,0.04397,0.04445,0.04225,0.04274,29719023.0
2025-08-19 14:00:00,0.04271,0.04315,0.04214,0.04296,11453260.0
2025-08-19 14:30:00,0.04295,0.04424,0.04243,0.04367,20650415.0
2025-08-19 15:00:00,0.04369,0.04377,0.04209,0.04285,18522722.0
2025-08-19 15:30:00,0.04286,0.0439,0.0426,0.04275,21852401.0
2025-08-19 16:00:00,0.04272,0.04394,0.04268,0.04364,19691447.0
2025-08-19 16:30:00,0.04368,0.04415,0.04101,0.042,38928913.0
2025-08-19 17:00:00,0.042,0.04233,0.04168,0.0419,8681814.0
2025-08-19 17:30:00,0.04188,0.04232,0.04154,0.04216,6751512.0
2025-08-19 18:00:00,0.04216,0.04272,0.0417,0.04246,5265632.0
2025-08-19 18:30:00,0.04247,0.04252,0.04178,0.04202,1854895.0
2025-08-19 19:00:00,0.042,0.04258,0.04161,0.0424,4302904.0
2025-08-19 19:30:00,0.04239,0.0424,0.04109,0.04115,5081066.0
2025-08-19 20:00:00,0.04116,0.04172,0.04106,0.04159,3844135.0
2025-08-19 20:30:00,0.04162,0.04196,0.04138,0.04163,2520986.0
2025-08-19 21:00:00,0.04161,0.04178,0.04011,0.04043,6866132.0
2025-08-19 21:30:00,0.04044,0.04117,0.04037,0.04081,1736102.0
2025-08-19 22:00:00,0.04081,0.04114,0.04067,0.04071,2001958.0
2025-08-19 22:30:00,0.04072,0.041,0.04041,0.04042,2414320.0
2025-08-19 23:00:00,0.04045,0.04061,0.03959,0.03998,6483923.0
2025-08-19 23:30:00,0.03998,0.04001,0.03964,0.0398,3098998.0
2025-08-20 00:00:00,0.03981,0.04059,0.03956,0.03964,6770416.0
2025-08-20 00:30:00,0.03966,0.03996,0.03942,0.03989,3242136.0
2025-08-20 01:00:00,0.03987,0.04013,0.03971,0.03976,1885724.0
2025-08-20 01:30:00,0.03973,0.04023,0.03929,0.04019,3674635.0
2025-08-20 02:00:00,0.04023,0.04059,0.03993,0.04055,3243129.0
2025-08-20 02:30:00,0.04056,0.04131,0.04035,0.041,4806328.0
2025-08-20 03:00:00,0.04097,0.04137,0.04066,0.04119,3062245.0
2025-08-20 03:30:00,0.04118,0.0412,0.04053,0.04057,3776188.0
2025-08-20 04:00:00,0.04055,0.04098,0.04046,0.04075,2455785.0
2025-08-20 04:30:00,0.04073,0.04109,0.04049,0.04096,2968194.0
2025-08-20 05:00:00,0.04097,0.04114,0.04087,0.04097,2482502.0
2025-08-20 05:30:00,0.04099,0.04102,0.04066,0.04083,1810468.0
2025-08-20 06:00:00,0.04083,0.04117,0.04064,0.04101,1924668.0
2025-08-20 06:30:00,0.041,0.04159,0.04091,0.04133,1650674.0
2025-08-20 07:00:00,0.04134,0.04168,0.04113,0.04153,1623158.0
2025-08-20 07:30:00,0.04153,0.0417,0.04126,0.04128,2190396.0
2025-08-20 08:00:00,0.0413,0.04168,0.04123,0.04143,1642747.0
2025-08-20 08:30:00,0.04142,0.04163,0.04107,0.04131,3076754.0
2025-08-20 09:00:00,0.04129,0.04132,0.04062,0.04081,2594851.0
2025-08-20 09:30:00,0.04081,0.04081,0.04036,0.04049,1719566.0
2025-08-20 10:00:00,0.04047,0.0408,0.04037,0.04073,1273640.0
2025-08-20 10:30:00,0.04071,0.04102,0.04061,0.04077,1886506.0
2025-08-20 11:00:00,0.04075,0.04127,0.04072,0.04107,5676186.0
2025-08-20 11:30:00,0.04106,0.04153,0.04081,0.04144,3145193.0
2025-08-20 12:00:00,0.04144,0.04209,0.04111,0.04132,3808075.0
2025-08-20 12:30:00,0.04128,0.04137,0.04112,0.04134,1353582.0
2025-08-20 13:00:00,0.04134,0.04136,0.04071,0.04099,1601834.0
2025-08-20 13:30:00,0.04098,0.04124,0.03982,0.03995,4034039.0
2025-08-20 14:00:00,0.03994,0.0405,0.0395,0.04035,3968282.0
2025-08-20 14:30:00,0.04037,0.04124,0.04032,0.04109,3629910.0
2025-08-20 15:00:00,0.04106,0.04188,0.04104,0.04173,2425387.0
2025-08-20 15:30:00,0.04173,0.04179,0.04131,0.04133,1784823.0
2025-08-20 16:00:00,0.04136,0.04156,0.04087,0.04103,2931923.0
2025-08-20 16:30:00,0.04105,0.04112,0.04077,0.04096,2010250.0
2025-08-20 17:00:00,0.04094,0.04119,0.04058,0.04059,1686099.0
2025-08-20 17:30:00,0.04059,0.04083,0.04039,0.04049,1235544.0
2025-08-20 18:00:00,0.04049,0.04055,0.03995,0.04008,1161170.0
2025-08-20 18:30:00,0.04009,0.04121,0.04004,0.04089,2262073.0
2025-08-20 19:00:00,0.04088,0.04099,0.04065,0.04091,967289.0
2025-08-20 19:30:00,0.04094,0.04094,0.0407,0.04079,1676595.0
2025-08-20 20:00:00,0.04078,0.04093,0.04075,0.04088,730074.0
2025-08-20 20:30:00,0.04089,0.0409,0.04059,0.04074,2311223.0
2025-08-20 21:00:00,0.04074,0.04122,0.04074,0.04104,1481679.0
2025-08-20 21:30:00,0.04102,0.04121,0.04075,0.0411,1047120.0
2025-08-20 22:00:00,0.04108,0.04111,0.04014,0.04038,2182571.0
2025-08-20 22:30:00,0.04038,0.04051,0.04024,0.04039,787986.0
2025-08-20 23:00:00,0.04042,0.04081,0.04042,0.04064,1799592.0
2025-08-20 23:30:00,0.04064,0.04078,0.04042,0.04048,457769.0
2025-08-21 00:00:00,0.04049,0.04067,0.04026,0.04041,1229188.0
2025-08-21 00:30:00,0.04041,0.04072,0.04034,0.04061,1459212.0
2025-08-21 01:00:00,0.04061,0.0411,0.0406,0.04105,1851258.0
2025-08-21 01:30:00,0.04105,0.0412,0.04085,0.04115,1188578.0
2025-08-21 02:00:00,0.04113,0.04117,0.04017,0.04028,1970633.0
2025-08-21 02:30:00,0.04028,0.04039,0.04012,0.04034,733404.0
2025-08-21 03:00:00,0.04034,0.04065,0.04025,0.0405,914165.0
2025-08-21 03:30:00,0.04048,0.04048,0.0396,0.03977,3413800.0
2025-08-21 04:00:00,0.03977,0.03994,0.03957,0.03994,1558714.0
2025-08-21 04:30:00,0.03993,0.04025,0.03991,0.04015,912580.0
2025-08-21 05:00:00,0.04018,0.04088,0.04007,0.04078,2782078.0
2025-08-21 05:30:00,0.04077,0.04102,0.04071,0.04075,946266.0
2025-08-21 06:00:00,0.04077,0.04078,0.04016,0.04031,1959706.0
2025-08-21 06:30:00,0.04029,0.04067,0.03993,0.04049,2592490.0
2025-08-21 07:00:00,0.04049,0.04067,0.04014,0.04022,1996517.0
2025-08-21 07:30:00,0.04021,0.04037,0.03999,0.04014,1126244.0
2025-08-21 08:00:00,0.04013,0.04022,0.03991,0.03996,896706.0
2025-08-21 08:30:00,0.03996,0.04049,0.03985,0.04002,1574978.0
2025-08-21 09:00:00,0.04004,0.04004,0.03969,0.03987,635448.0
2025-08-21 09:30:00,0.03984,0.04007,0.03972,0.03978,920565.0
2025-08-21 10:00:00,0.03976,0.03983,0.03953,0.03966,944929.0
2025-08-21 10:30:00,0.03966,0.03967,0.03873,0.03901,3604691.0
2025-08-21 11:00:00,0.039,0.03953,0.03888,0.03947,1939917.0
2025-08-21 11:30:00,0.03944,0.03974,0.03902,0.03968,2700324.0
2025-08-21 12:00:00,0.03968,0.03968,0.0391,0.03926,963567.0
2025-08-21 12:30:00,0.03925,0.03956,0.03911,0.03926,1088415.0
2025-08-21 13:00:00,0.03925,0.03955,0.03907,0.03951,1554076.0
2025-08-21 13:30:00,0.03947,0.03973,0.03925,0.03949,1262002.0
2025-08-21 14:00:00,0.03952,0.03996,0.03942,0.03985,957241.0
2025-08-21 14:30:00,0.03987,0.03987,0.03867,0.03885,2298830.0
2025-08-21 15:00:00,0.03884,0.03908,0.0385,0.03871,2122069.0
2025-08-21 15:30:00,0.03871,0.03913,0.03865,0.03876,1244128.0
2025-08-21 16:00:00,0.03873,0.0389,0.03837,0.03875,2495545.0
2025-08-21 16:30:00,0.03877,0.03897,0.03821,0.03833,1758574.0
2025-08-21 17:00:00,0.03834,0.03844,0.03767,0.03816,6041800.0
2025-08-21 17:30:00,0.03817,0.0385,0.03813,0.03825,878146.0
2025-08-21 18:00:00,0.03828,0.03867,0.03826,0.03858,584992.0
2025-08-21 18:30:00,0.03857,0.03891,0.03852,0.03882,972550.0
2025-08-21 19:00:00,0.03882,0.039,0.03869,0.03877,884197.0
2025-08-21 19:30:00,0.03875,0.03894,0.03858,0.03868,774261.0
2025-08-21 20:00:00,0.03869,0.03874,0.03839,0.03839,558373.0
2025-08-21 20:30:00,0.03839,0.03906,0.03839,0.03885,2474640.0
2025-08-21 21:00:00,0.03888,0.03901,0.03861,0.03884,752063.0
2025-08-21 21:30:00,0.0388,0.03914,0.03874,0.03902,637013.0
2025-08-21 22:00:00,0.03906,0.03971,0.03902,0.03957,1264764.0
2025-08-21 22:30:00,0.03957,0.03957,0.03905,0.03906,736213.0
2025-08-21 23:00:00,0.0391,0.03929,0.03858,0.03866,826406.0
2025-08-21 23:30:00,0.03866,0.03874,0.03847,0.03861,387114.0
2025-08-22 00:00:00,0.03861,0.03892,0.03861,0.03882,699644.0
2025-08-22 00:30:00,0.03882,0.03903,0.03842,0.03852,736310.0
2025-08-22 01:00:00,0.03852,0.03878,0.03826,0.03838,812375.0
2025-08-22 01:30:00,0.03839,0.03861,0.03837,0.03852,345311.0
2025-08-22 02:00:00,0.03856,0.03917,0.03854,0.0391,691717.0
2025-08-22 02:30:00,0.0391,0.03951,0.03905,0.03925,954792.0
2025-08-22 03:00:00,0.03926,0.03942,0.03904,0.0391,614248.0
2025-08-22 03:30:00,0.03909,0.03937,0.03905,0.03914,920881.0
2025-08-22 04:00:00,0.03917,0.03984,0.03904,0.03948,2588012.0
2025-08-22 04:30:00,0.03945,0.03959,0.03907,0.03919,788007.0
2025-08-22 05:00:00,0.03921,0.03959,0.03913,0.03959,576461.0
2025-08-22 05:30:00,0.03956,0.03977,0.03923,0.03944,933293.0
2025-08-22 06:00:00,0.03942,0.03957,0.03923,0.03943,560458.0
2025-08-22 06:30:00,0.03946,0.03949,0.03919,0.03928,647299.0
2025-08-22 07:00:00,0.03929,0.04023,0.03929,0.03989,2427858.0
2025-08-22 07:30:00,0.03986,0.04008,0.03973,0.04005,784637.0
2025-08-22 08:00:00,0.04001,0.04022,0.03988,0.04019,607189.0
2025-08-22 08:30:00,0.04021,0.04022,0.03969,0.03969,675968.0
2025-08-22 09:00:00,0.03973,0.04042,0.03973,0.04011,3897930.0
2025-08-22 09:30:00,0.04011,0.0406,0.04001,0.04026,1431465.0
2025-08-22 10:00:00,0.04025,0.04031,0.03966,0.03998,2052177.0
2025-08-22 10:30:00,0.03999,0.04004,0.03954,0.03963,886328.0
2025-08-22 11:00:00,0.03963,0.03984,0.03947,0.03977,1000295.0
2025-08-22 11:30:00,0.03975,0.03987,0.0396,0.0396,722880.0
2025-08-22 12:00:00,0.03961,0.03979,0.03863,0.0387,2940559.0
2025-08-22 12:30:00,0.03869,0.03953,0.03806,0.0391,4035885.0
2025-08-22 13:00:00,0.03911,0.03935,0.03898,0.0391,1011584.0
2025-08-22 13:30:00,0.03908,0.03956,0.03885,0.03914,2175291.0
2025-08-22 14:00:00,0.03918,0.04147,0.03918,0.04088,6012699.0
2025-08-22 14:30:00,0.04094,0.0413,0.04084,0.041,2753069.0
2025-08-22 15:00:00,0.041,0.04117,0.04088,0.04098,2056128.0
2025-08-22 15:30:00,0.04102,0.04187,0.04097,0.04157,3481888.0
2025-08-22 16:00:00,0.04159,0.04225,0.04154,0.04181,2484342.0
2025-08-22 16:30:00,0.04185,0.04194,0.04154,0.04166,1649776.0
2025-08-22 17:00:00,0.0417,0.04222,0.04165,0.04218,3091687.0
2025-08-22 17:30:00,0.04217,0.04279,0.04214,0.04251,1418212.0
2025-08-22 18:00:00,0.04255,0.04258,0.04196,0.0421,1131005.0
2025-08-22 18:30:00,0.04214,0.04246,0.04205,0.04246,637609.0
2025-08-22 19:00:00,0.04243,0.04327,0.04241,0.04277,2812718.0
2025-08-22 19:30:00,0.0428,0.04281,0.04235,0.04239,1154606.0
2025-08-22 20:00:00,0.04243,0.0427,0.04243,0.04268,339810.0
2025-08-22 20:30:00,0.04264,0.0427,0.04248,0.04258,371319.0
2025-08-22 21:00:00,0.04259,0.04322,0.04253,0.0431,969766.0
2025-08-22 21:30:00,0.04306,0.04351,0.0428,0.04336,804736.0
2025-08-22 22:00:00,0.04339,0.04354,0.04307,0.04332,1080951.0
2025-08-22 22:30:00,0.04336,0.0434,0.04265,0.04284,1130398.0
2025-08-22 23:00:00,0.04281,0.04287,0.04242,0.04276,546234.0
2025-08-22 23:30:00,0.04277,0.04305,0.04277,0.04295,237605.0
2025-08-23 00:00:00,0.0429,0.04323,0.04237,0.04322,1477887.0
2025-08-23 00:30:00,0.04318,0.04336,0.04295,0.04306,516561.0
2025-08-23 01:00:00,0.04302,0.0431,0.04214,0.04221,2138649.0
2025-08-23 01:30:00,0.04224,0.04252,0.0418,0.04236,1770176.0
2025-08-23 02:00:00,0.04238,0.04247,0.04194,0.04201,979782.0
2025-08-23 02:30:00,0.04201,0.04208,0.04129,0.04186,1870026.0
2025-08-23 03:00:00,0.04183,0.04208,0.04169,0.042,759658.0
2025-08-23 03:30:00,0.04199,0.04202,0.04166,0.04192,468429.0
2025-08-23 04:00:00,0.04192,0.04216,0.04174,0.04199,605050.0
2025-08-23 04:30:00,0.04199,0.0424,0.04193,0.0424,659743.0
2025-08-23 05:00:00,0.0424,0.04251,0.04216,0.04233,715510.0
2025-08-23 05:30:00,0.0423,0.0427,0.04218,0.0427,2113905.0
2025-08-23 06:00:00,0.0427,0.04488,0.0427,0.04458,17550658.0
2025-08-23 06:30:00,0.0446,0.04544,0.04414,0.04491,11127825.0
2025-08-23 07:00:00,0.04495,0.04702,0.04455,0.04469,17976722.0
2025-08-23 07:30:00,0.04473,0.04518,0.04342,0.04371,12171223.0
2025-08-23 08:00:00,0.04373,0.04411,0.04259,0.04274,9126787.0
2025-08-23 08:30:00,0.04269,0.04292,0.04197,0.04288,7922732.0
2025-08-23 09:00:00,0.04281,0.04423,0.04264,0.04357,12774535.0
2025-08-23 09:30:00,0.04357,0.0441,0.0434,0.04373,3231950.0
2025-08-23 10:00:00,0.04373,0.04382,0.04309,0.04346,2547854.0
2025-08-23 10:30:00,0.04341,0.0435,0.04233,0.04336,4610534.0
2025-08-23 11:00:00,0.04339,0.04457,0.04339,0.04416,7235866.0
2025-08-23 11:30:00,0.04415,0.04476,0.04351,0.04436,5482456.0
2025-08-23 12:00:00,0.04436,0.04508,0.0438,0.045,5594495.0
2025-08-23 12:30:00,0.04495,0.04519,0.0444,0.04448,3446582.0
2025-08-23 13:00:00,0.04449,0.04507,0.04381,0.04389,6880431.0
2025-08-23 13:30:00,0.04391,0.04395,0.04336,0.04389,3190299.0
2025-08-23 14:00:00,0.0439,0.04501,0.04388,0.04482,4483915.0
2025-08-23 14:30:00,0.04484,0.04496,0.04414,0.04417,2345353.0
2025-08-23 15:00:00,0.04419,0.0444,0.04378,0.044,2056597.0
2025-08-23 15:30:00,0.04404,0.04417,0.04308,0.04319,1875971.0
2025-08-23 16:00:00,0.0432,0.04392,0.04306,0.04328,4362450.0
2025-08-23 16:30:00,0.0433,0.04347,0.04306,0.04345,1524182.0
2025-08-23 17:00:00,0.04343,0.04372,0.04274,0.04288,2017014.0
2025-08-23 17:30:00,0.04286,0.04306,0.04275,0.04286,1212211.0
2025-08-23 18:00:00,0.04291,0.04309,0.04255,0.04293,1331973.0
2025-08-23 18:30:00,0.04291,0.04332,0.04242,0.04315,3033691.0
2025-08-23 19:00:00,0.04318,0.04331,0.04286,0.04307,961481.0
2025-08-23 19:30:00,0.04304,0.04306,0.04165,0.04193,4655748.0
2025-08-23 20:00:00,0.04192,0.04221,0.04179,0.04189,1825801.0
2025-08-23 20:30:00,0.04192,0.04204,0.04167,0.04198,952558.0
2025-08-23 21:00:00,0.04197,0.04209,0.04173,0.04202,1079122.0
2025-08-23 21:30:00,0.04203,0.04227,0.042,0.04221,401403.0
2025-08-23 22:00:00,0.04219,0.04297,0.04216,0.04245,1997180.0
2025-08-23 22:30:00,0.04242,0.0428,0.04234,0.04279,747607.0
2025-08-23 23:00:00,0.04279,0.04294,0.04265,0.04274,702394.0
2025-08-23 23:30:00,0.04272,0.0431,0.04254,0.04302,3357860.0
2025-08-24 00:00:00,0.04302,0.04354,0.04286,0.04343,3236123.0
2025-08-24 00:30:00,0.04345,0.0435,0.04331,0.04334,1166202.0
2025-08-24 01:00:00,0.04333,0.0439,0.04294,0.04376,3955675.0
2025-08-24 01:30:00,0.04374,0.04396,0.0435,0.04366,2459651.0
2025-08-24 02:00:00,0.04366,0.0439,0.04317,0.04378,3383533.0
2025-08-24 02:30:00,0.04376,0.04382,0.04258,0.04272,3009788.0
2025-08-24 03:00:00,0.0427,0.04302,0.04226,0.0424,4019214.0
2025-08-24 03:30:00,0.04239,0.04253,0.04229,0.04241,1308050.0
2025-08-24 04:00:00,0.04239,0.04252,0.04226,0.04231,1341009.0
2025-08-24 04:30:00,0.04231,0.04353,0.04218,0.04308,4164965.0
2025-08-24 05:00:00,0.04302,0.04363,0.04263,0.04342,4792116.0
2025-08-24 05:30:00,0.04344,0.04375,0.04321,0.04363,3289043.0
2025-08-24 06:00:00,0.04361,0.04386,0.04288,0.04306,9301806.0
2025-08-24 06:30:00,0.04306,0.04308,0.04202,0.04207,7971499.0
2025-08-24 07:00:00,0.04208,0.04232,0.04168,0.04195,4011638.0
2025-08-24 07:30:00,0.04201,0.04252,0.04163,0.04164,3417378.0
2025-08-24 08:00:00,0.04168,0.04174,0.0405,0.04073,13379109.0
2025-08-24 08:30:00,0.04071,0.04093,0.04058,0.04072,2340965.0
2025-08-24 09:00:00,0.04073,0.04172,0.04067,0.04154,5263195.0
2025-08-24 09:30:00,0.04155,0.04198,0.04137,0.04182,2621478.0
2025-08-24 10:00:00,0.04181,0.04185,0.04094,0.04116,2558571.0
2025-08-24 10:30:00,0.04112,0.04148,0.041,0.0412,1428686.0
2025-08-24 11:00:00,0.04117,0.04166,0.04108,0.04152,1838436.0
2025-08-24 11:30:00,0.04152,0.04182,0.04134,0.0417,2464601.0
2025-08-24 12:00:00,0.0417,0.04221,0.04161,0.04209,1838901.0
2025-08-24 12:30:00,0.04206,0.04213,0.04184,0.04194,872085.0
2025-08-24 13:00:00,0.04193,0.0423,0.04182,0.04222,1113562.0
2025-08-24 13:30:00,0.04221,0.04221,0.04107,0.04134,3181553.0
2025-08-24 14:00:00,0.04133,0.04154,0.04106,0.04148,1852951.0
2025-08-24 14:30:00,0.04148,0.04196,0.04143,0.04195,868073.0
2025-08-24 15:00:00,0.0419,0.04248,0.04176,0.04248,1534029.0
2025-08-24 15:30:00,0.04242,0.04449,0.04239,0.04441,15379951.0
2025-08-24 16:00:00,0.04432,0.04446,0.04366,0.04422,3070728.0
2025-08-24 16:30:00,0.04424,0.04482,0.04371,0.04383,7098471.0
2025-08-24 17:00:00,0.04383,0.04518,0.04376,0.04401,6560279.0
2025-08-24 17:30:00,0.04402,0.04437,0.04388,0.04423,2322207.0
2025-08-24 18:00:00,0.04423,0.04441,0.04393,0.04425,1231136.0
2025-08-24 18:30:00,0.04427,0.04435,0.0438,0.04392,1671510.0
2025-08-24 19:00:00,0.044,0.04463,0.04392,0.0442,1485455.0
2025-08-24 19:30:00,0.04421,0.04428,0.04253,0.04342,6962308.0
2025-08-24 20:00:00,0.04347,0.04357,0.04251,0.04318,4182112.0
2025-08-24 20:30:00,0.04324,0.04361,0.04304,0.04354,1653812.0
2025-08-24 21:00:00,0.04349,0.04357,0.04292,0.04293,1668742.0
2025-08-24 21:30:00,0.04295,0.04348,0.04258,0.04261,993589.0
2025-08-24 22:00:00,0.04264,0.04298,0.04161,0.04166,2295687.0
2025-08-24 22:30:00,0.04162,0.04208,0.04145,0.042,3040830.0
2025-08-24 23:00:00,0.04201,0.04298,0.04189,0.0427,1622230.0
2025-08-24 23:30:00,0.0427,0.04311,0.04255,0.04261,968656.0
2025-08-25 00:00:00,0.04264,0.04265,0.04174,0.04213,3440899.0
2025-08-25 00:30:00,0.04213,0.04228,0.0411,0.04135,2752522.0
2025-08-25 01:00:00,0.04141,0.04216,0.04128,0.0418,2145627.0
2025-08-25 01:30:00,0.0418,0.04248,0.04165,0.04222,2114426.0
2025-08-25 02:00:00,0.04222,0.04342,0.04213,0.04268,4081473.0
2025-08-25 02:30:00,0.04268,0.04309,0.04214,0.04254,2387372.0
2025-08-25 03:00:00,0.04254,0.04285,0.04213,0.04232,846668.0
2025-08-25 03:30:00,0.04231,0.0427,0.04211,0.04224,762712.0
2025-08-25 04:00:00,0.0422,0.04224,0.0416,0.04169,1474488.0
2025-08-25 04:30:00,0.04167,0.04196,0.04116,0.0413,1437789.0
2025-08-25 05:00:00,0.0413,0.04151,0.04095,0.04128,1341259.0
2025-08-25 05:30:00,0.04125,0.04187,0.04114,0.0415,1263218.0
2025-08-25 06:00:00,0.04148,0.04163,0.04126,0.04129,1018936.0
2025-08-25 06:30:00,0.04132,0.04158,0.04069,0.04083,4227707.0
2025-08-25 07:00:00,0.04077,0.04099,0.04041,0.04048,2363931.0
2025-08-25 07:30:00,0.04053,0.04062,0.0398,0.04005,2916259.0
2025-08-25 08:00:00,0.04013,0.04036,0.03964,0.0401,1994880.0
2025-08-25 08:30:00,0.0401,0.04059,0.04009,0.0404,1315070.0
2025-08-25 09:00:00,0.04036,0.04098,0.04032,0.04065,1689522.0
2025-08-25 09:30:00,0.04063,0.0408,0.04033,0.04045,459128.0
2025-08-25 10:00:00,0.04042,0.04042,0.03907,0.03949,3195209.0
2025-08-25 10:30:00,0.0395,0.03979,0.03936,0.03976,1100840.0
2025-08-25 11:00:00,0.03975,0.03987,0.03955,0.03971,969654.0
2025-08-25 11:30:00,0.03971,0.03988,0.0395,0.03959,1339386.0
2025-08-25 12:00:00,0.03959,0.0397,0.03931,0.03965,2109513.0
2025-08-25 12:30:00,0.03962,0.03981,0.0394,0.03977,787123.0
2025-08-25 13:00:00,0.0398,0.03996,0.03952,0.03991,970971.0
2025-08-25 13:30:00,0.0399,0.03997,0.03948,0.0397,1592786.0
2025-08-25 14:00:00,0.03969,0.0402,0.03964,0.0398,1271926.0
2025-08-25 14:30:00,0.0398,0.04024,0.03971,0.04002,1173849.0
2025-08-25 15:00:00,0.04001,0.04007,0.03881,0.03893,2653776.0
2025-08-25 15:30:00,0.03896,0.0393,0.03851,0.03875,3586112.0
2025-08-25 16:00:00,0.03873,0.03927,0.0382,0.03909,3235094.0
2025-08-25 16:30:00,0.03908,0.03938,0.03891,0.03908,2004951.0
2025-08-25 17:00:00,0.03906,0.03907,0.03835,0.0386,2940851.0
2025-08-25 17:30:00,0.03862,0.03908,0.03846,0.03888,1857647.0
2025-08-25 18:00:00,0.0389,0.03899,0.0386,0.03885,1145440.0
2025-08-25 18:30:00,0.03887,0.03889,0.03864,0.0388,557455.0
2025-08-25 19:00:00,0.03879,0.03883,0.03801,0.03832,1694574.0
2025-08-25 19:30:00,0.03828,0.03828,0.03723,0.03738,5652371.0
2025-08-25 20:00:00,0.03736,0.03759,0.03668,0.03712,5357724.0
2025-08-25 20:30:00,0.03712,0.03724,0.03654,0.03665,3284392.0
2025-08-25 21:00:00,0.03662,0.03684,0.03638,0.03644,2688121.0
2025-08-25 21:30:00,0.03649,0.03678,0.03645,0.03655,989009.0
2025-08-25 22:00:00,0.03655,0.03716,0.03652,0.03713,1077486.0
2025-08-25 22:30:00,0.03713,0.03717,0.03685,0.03691,797687.0
2025-08-25 23:00:00,0.0369,0.03708,0.03683,0.03684,690586.0
2025-08-25 23:30:00,0.03685,0.03707,0.03678,0.03697,373412.0
2025-08-26 00:00:00,0.03692,0.0375,0.03666,0.03746,1776976.0
2025-08-26 00:30:00,0.03742,0.03747,0.03681,0.03682,1809298.0
2025-08-26 01:00:00,0.03682,0.03725,0.03666,0.03721,1769072.0
2025-08-26 01:30:00,0.03721,0.0373,0.037,0.03713,521517.0
2025-08-26 02:00:00,0.03712,0.03756,0.03709,0.03748,638628.0
2025-08-26 02:30:00,0.03746,0.03748,0.03719,0.03728,435435.0
2025-08-26 03:00:00,0.03731,0.03734,0.03692,0.03698,1298260.0
2025-08-26 03:30:00,0.03703,0.03735,0.03696,0.03708,457883.0
2025-08-26 04:00:00,0.03707,0.03755,0.03706,0.03725,1057156.0
2025-08-26 04:30:00,0.03727,0.03828,0.03726,0.03795,3541808.0
2025-08-26 05:00:00,0.03794,0.03794,0.03766,0.03778,525407.0
2025-08-26 05:30:00,0.03776,0.03804,0.0376,0.03792,582655.0
2025-08-26 06:00:00,0.03786,0.03837,0.03771,0.03809,1142896.0
2025-08-26 06:30:00,0.03806,0.0382,0.0377,0.03791,996883.0
2025-08-26 07:00:00,0.03791,0.03815,0.03775,0.03796,975911.0
2025-08-26 07:30:00,0.03791,0.03883,0.0378,0.03867,2568360.0
2025-08-26 08:00:00,0.03866,0.03875,0.03834,0.03869,1744897.0
2025-08-26 08:30:00,0.03868,0.03886,0.03843,0.03848,934698.0
2025-08-26 09:00:00,0.03847,0.03853,0.03834,0.03848,554832.0
2025-08-26 09:30:00,0.03846,0.03876,0.03821,0.03873,1186051.0
2025-08-26 10:00:00,0.03873,0.03894,0.03842,0.03853,1128524.0
2025-08-26 10:30:00,0.03854,0.03862,0.03825,0.03833,1086888.0
2025-08-26 11:00:00,0.03837,0.03855,0.03822,0.0383,994740.0
2025-08-26 11:30:00,0.0383,0.03851,0.03805,0.03848,1063784.0
2025-08-26 12:00:00,0.03851,0.03851,0.0381,0.03818,1217619.0
2025-08-26 12:30:00,0.03817,0.03892,0.03792,0.03834,1761690.0
2025-08-26 13:00:00,0.03834,0.03856,0.0382,0.03827,863383.0
2025-08-26 13:30:00,0.03826,0.03857,0.03777,0.0382,1243350.0
2025-08-26 14:00:00,0.0382,0.03862,0.03799,0.0384,817949.0
2025-08-26 14:30:00,0.03843,0.03876,0.03838,0.03868,800376.0
2025-08-26 15:00:00,0.03868,0.0389,0.03864,0.03886,780701.0
2025-08-26 15:30:00,0.03884,0.03929,0.03808,0.0382,3875956.0
2025-08-26 16:00:00,0.03816,0.03831,0.03771,0.03801,1199742.0
2025-08-26 16:30:00,0.03798,0.03832,0.03795,0.0383,812934.0
2025-08-26 17:00:00,0.03829,0.03832,0.03813,0.03825,506899.0
2025-08-26 17:30:00,0.03824,0.03824,0.03797,0.03817,323924.0
2025-08-26 18:00:00,0.03819,0.03872,0.03818,0.0386,745667.0
2025-08-26 18:30:00,0.0386,0.03894,0.03839,0.03885,2139328.0
2025-08-26 19:00:00,0.03888,0.03901,0.03866,0.03887,618497.0
2025-08-26 19:30:00,0.03887,0.0389,0.03864,0.03885,547666.0
2025-08-26 20:00:00,0.03882,0.0393,0.03868,0.03918,811950.0
2025-08-26 20:30:00,0.03916,0.03917,0.03886,0.03901,320342.0
2025-08-26 21:00:00,0.03896,0.03898,0.0388,0.03887,301595.0
2025-08-26 21:30:00,0.03887,0.03899,0.03874,0.03899,307689.0
2025-08-26 22:00:00,0.03895,0.03912,0.03874,0.0388,548643.0
2025-08-26 22:30:00,0.03882,0.03915,0.03868,0.0391,1335823.0
2025-08-26 23:00:00,0.03909,0.03934,0.03896,0.03912,567929.0
2025-08-26 23:30:00,0.03913,0.03916,0.03879,0.039,507124.0
2025-08-27 00:00:00,0.03897,0.03921,0.03887,0.03899,857664.0
2025-08-27 00:30:00,0.039,0.03913,0.03884,0.03906,832117.0
2025-08-27 01:00:00,0.03906,0.03906,0.03841,0.03863,866033.0
2025-08-27 01:30:00,0.03865,0.03902,0.03861,0.03893,523980.0
2025-08-27 02:00:00,0.03893,0.03896,0.03852,0.03882,563977.0
2025-08-27 02:30:00,0.03878,0.03888,0.03866,0.03871,328881.0
2025-08-27 03:00:00,0.03869,0.03876,0.03844,0.03855,270975.0
2025-08-27 03:30:00,0.03852,0.03935,0.03852,0.03915,498075.0
2025-08-27 04:00:00,0.03912,0.03951,0.03891,0.03925,2547664.0
2025-08-27 04:30:00,0.03922,0.03944,0.03917,0.03937,505344.0
2025-08-27 05:00:00,0.0394,0.03946,0.03898,0.03906,661294.0
2025-08-27 05:30:00,0.03909,0.03909,0.03867,0.03874,439458.0
2025-08-27 06:00:00,0.03872,0.03875,0.03838,0.03857,983092.0
2025-08-27 06:30:00,0.03857,0.03875,0.03844,0.03866,468610.0
2025-08-27 07:00:00,0.03866,0.03876,0.03847,0.03853,418719.0
2025-08-27 07:30:00,0.03853,0.03862,0.03834,0.03862,623167.0
2025-08-27 08:00:00,0.03861,0.03872,0.03843,0.03848,546142.0
2025-08-27 08:30:00,0.03848,0.03892,0.03829,0.03888,594493.0
2025-08-27 09:00:00,0.03883,0.03916,0.03865,0.03915,535928.0
2025-08-27 09:30:00,0.03912,0.03912,0.03879,0.0388,386028.0
2025-08-27 10:00:00,0.0388,0.03898,0.0387,0.03894,393438.0
2025-08-27 10:30:00,0.03896,0.03898,0.03856,0.03864,526986.0
2025-08-27 11:00:00,0.03864,0.03881,0.0386,0.03871,365745.0
2025-08-27 11:30:00,0.03869,0.03873,0.03861,0.03868,209296.0
2025-08-27 12:00:00,0.03866,0.0387,0.03809,0.03826,862660.0
2025-08-27 12:30:00,0.03826,0.03836,0.03815,0.03835,324517.0
2025-08-27 13:00:00,0.03834,0.0384,0.03807,0.0384,429138.0
2025-08-27 13:30:00,0.0384,0.03872,0.03815,0.03831,729558.0
2025-08-27 14:00:00,0.03832,0.0386,0.03824,0.03855,471771.0
2025-08-27 14:30:00,0.03856,0.03899,0.03825,0.03831,936374.0
2025-08-27 15:00:00,0.03831,0.03926,0.03825,0.03886,1620958.0
2025-08-27 15:30:00,0.03889,0.03893,0.03848,0.03867,922090.0
2025-08-27 16:00:00,0.0387,0.03871,0.0383,0.03838,599795.0
2025-08-27 16:30:00,0.03839,0.03857,0.03818,0.03854,862099.0
2025-08-27 17:00:00,0.03852,0.03868,0.03829,0.03862,443725.0
2025-08-27 17:30:00,0.03863,0.03882,0.03855,0.03878,253203.0
2025-08-27 18:00:00,0.03878,0.03888,0.03866,0.03875,263831.0
2025-08-27 18:30:00,0.03873,0.03882,0.0385,0.0385,413491.0
2025-08-27 19:00:00,0.03853,0.03877,0.0382,0.03847,585714.0
2025-08-27 19:30:00,0.03849,0.03859,0.03823,0.03829,216019.0
2025-08-27 20:00:00,0.03832,0.03884,0.03794,0.03868,1737750.0
2025-08-27 20:30:00,0.03867,0.03889,0.0385,0.03871,1232499.0
2025-08-27 21:00:00,0.03872,0.03907,0.0386,0.03873,670031.0
2025-08-27 21:30:00,0.03871,0.03877,0.03829,0.03835,401334.0
2025-08-27 22:00:00,0.03836,0.03841,0.03801,0.03821,886347.0
2025-08-27 22:30:00,0.03818,0.03842,0.03818,0.03825,277494.0
2025-08-27 23:00:00,0.03824,0.03857,0.03814,0.03832,541893.0
2025-08-27 23:30:00,0.03829,0.03834,0.03802,0.03806,1345940.0
2025-08-28 00:00:00,0.0381,0.03824,0.03768,0.03786,846196.0
2025-08-28 00:30:00,0.03784,0.03789,0.03745,0.0376,1884187.0
2025-08-28 01:00:00,0.0376,0.03784,0.03758,0.03776,482489.0
2025-08-28 01:30:00,0.03777,0.03796,0.03777,0.03789,481538.0
2025-08-28 02:00:00,0.0379,0.03816,0.03777,0.03799,564876.0
2025-08-28 02:30:00,0.03797,0.03809,0.03782,0.03788,690170.0
2025-08-28 03:00:00,0.03786,0.0385,0.03786,0.03803,680763.0
2025-08-28 03:30:00,0.03803,0.03853,0.03803,0.03833,867107.0
2025-08-28 04:00:00,0.03833,0.03854,0.03826,0.03849,546322.0
2025-08-28 04:30:00,0.03851,0.03886,0.0385,0.03881,674813.0
2025-08-28 05:00:00,0.03881,0.03898,0.03866,0.03866,473637.0
2025-08-28 05:30:00,0.03866,0.03881,0.03852,0.03875,355944.0
2025-08-28 06:00:00,0.03875,0.03881,0.03853,0.03874,494605.0
2025-08-28 06:30:00,0.03877,0.03888,0.03871,0.03888,187451.0
2025-08-28 07:00:00,0.03888,0.03889,0.03871,0.03878,354612.0
2025-08-28 07:30:00,0.03881,0.03916,0.03871,0.0391,255398.0
2025-08-28 08:00:00,0.03913,0.03932,0.0389,0.03895,915217.0
2025-08-28 08:30:00,0.03896,0.039,0.03868,0.03887,691983.0
2025-08-28 09:00:00,0.03889,0.0389,0.03864,0.0388,184402.0
2025-08-28 09:30:00,0.03879,0.03884,0.03861,0.03875,225819.0
2025-08-28 10:00:00,0.03874,0.03902,0.03862,0.03901,264447.0
2025-08-28 10:30:00,0.03896,0.03905,0.03886,0.03904,187656.0
2025-08-28 11:00:00,0.03902,0.0391,0.03883,0.03909,241646.0
2025-08-28 11:30:00,0.03907,0.03929,0.03903,0.03926,317167.0
2025-08-28 12:00:00,0.03926,0.03934,0.03918,0.03923,210289.0
2025-08-28 12:30:00,0.03925,0.03968,0.03914,0.03964,1414786.0
2025-08-28 13:00:00,0.03966,0.03996,0.03954,0.03956,568745.0
2025-08-28 13:30:00,0.03959,0.03965,0.03881,0.03896,1621517.0
2025-08-28 14:00:00,0.03898,0.03936,0.03873,0.03878,1514968.0
2025-08-28 14:30:00,0.03878,0.03894,0.03855,0.03878,525399.0
2025-08-28 15:00:00,0.03878,0.03915,0.03827,0.03844,1032202.0
2025-08-28 15:30:00,0.03843,0.03847,0.03796,0.03828,692929.0
2025-08-28 16:00:00,0.03827,0.03844,0.03821,0.03843,558035.0
2025-08-28 16:30:00,0.03843,0.0385,0.03795,0.03797,437656.0
2025-08-28 17:00:00,0.03799,0.03822,0.03788,0.03816,391877.0
2025-08-28 17:30:00,0.03815,0.03844,0.0381,0.03836,266682.0
2025-08-28 18:00:00,0.03836,0.03837,0.03812,0.0383,245892.0
2025-08-28 18:30:00,0.03832,0.03844,0.03819,0.03827,151381.0
2025-08-28 19:00:00,0.03826,0.03831,0.03787,0.03799,613267.0
2025-08-28 19:30:00,0.03802,0.03806,0.03752,0.03756,674897.0
2025-08-28 20:00:00,0.03756,0.03791,0.03755,0.03786,429560.0
2025-08-28 20:30:00,0.03786,0.03788,0.03771,0.03783,133932.0
2025-08-28 21:00:00,0.03785,0.0382,0.03777,0.03804,291516.0
2025-08-28 21:30:00,0.03806,0.0382,0.03805,0.0382,82861.0
2025-08-28 22:00:00,0.0382,0.03878,0.03818,0.03871,591050.0
2025-08-28 22:30:00,0.03873,0.03876,0.03861,0.03872,331085.0
2025-08-28 23:00:00,0.03874,0.03878,0.03856,0.03867,466014.0
2025-08-28 23:30:00,0.03871,0.0389,0.03861,0.03884,788779.0
2025-08-29 00:00:00,0.03883,0.03885,0.03803,0.0383,1250912.0
2025-08-29 00:30:00,0.03831,0.03832,0.03806,0.03817,286171.0
2025-08-29 01:00:00,0.03817,0.03823,0.038,0.03807,428945.0
2025-08-29 01:30:00,0.03807,0.03837,0.03806,0.03811,385772.0
2025-08-29 02:00:00,0.03811,0.03841,0.03802,0.0383,301209.0
2025-08-29 02:30:00,0.0383,0.0383,0.03804,0.03813,328139.0
2025-08-29 03:00:00,0.03812,0.03844,0.03812,0.0384,482918.0
2025-08-29 03:30:00,0.03841,0.03843,0.0382,0.0382,269987.0
2025-08-29 04:00:00,0.03821,0.03829,0.03793,0.03819,932759.0
2025-08-29 04:30:00,0.03818,0.0382,0.03788,0.03816,872751.0
2025-08-29 05:00:00,0.03817,0.03823,0.03796,0.03802,241917.0
2025-08-29 05:30:00,0.03804,0.03806,0.03786,0.038,357559.0
2025-08-29 06:00:00,0.03802,0.03804,0.03763,0.03766,183746.0
2025-08-29 06:30:00,0.03761,0.03785,0.03742,0.03742,712216.0
2025-08-29 07:00:00,0.03746,0.03747,0.03672,0.03691,1197642.0
2025-08-29 07:30:00,0.03688,0.03713,0.03674,0.03681,1187841.0
2025-08-29 08:00:00,0.03683,0.03691,0.03657,0.03671,1045305.0
2025-08-29 08:30:00,0.03671,0.03677,0.03646,0.03656,659004.0
2025-08-29 09:00:00,0.03656,0.03672,0.03572,0.03664,9902599.0
2025-08-29 09:30:00,0.03659,0.03663,0.0364,0.03653,764725.0
2025-08-29 10:00:00,0.03652,0.03665,0.03641,0.03654,982477.0
2025-08-29 10:30:00,0.03651,0.03653,0.03632,0.03642,1016648.0
2025-08-29 11:00:00,0.03642,0.03653,0.03626,0.03644,1398997.0
2025-08-29 11:30:00,0.03644,0.03645,0.03627,0.03642,524425.0
2025-08-29 12:00:00,0.03642,0.03658,0.03632,0.03654,468594.0
2025-08-29 12:30:00,0.03653,0.03713,0.03631,0.03651,1900248.0
2025-08-29 13:00:00,0.03651,0.03654,0.03628,0.03637,1049915.0
2025-08-29 13:30:00,0.03637,0.03656,0.03621,0.03632,960034.0
2025-08-29 14:00:00,0.03634,0.03674,0.0362,0.03674,1138379.0
2025-08-29 14:30:00,0.03674,0.03683,0.03662,0.03676,893517.0
2025-08-29 15:00:00,0.03677,0.037,0.03675,0.03688,1733899.0
2025-08-29 15:30:00,0.03686,0.03703,0.03655,0.03669,1124581.0
2025-08-29 16:00:00,0.03669,0.03672,0.03642,0.03653,586343.0
2025-08-29 16:30:00,0.03654,0.03688,0.03654,0.03668,464921.0
2025-08-29 17:00:00,0.03667,0.03667,0.03618,0.03632,642904.0
2025-08-29 17:30:00,0.03632,0.03645,0.03625,0.03632,339276.0
2025-08-29 18:00:00,0.03632,0.03634,0.03589,0.03601,1423195.0
2025-08-29 18:30:00,0.036,0.03607,0.03586,0.036,706468.0
2025-08-29 19:00:00,0.03599,0.03638,0.03596,0.03631,369552.0
2025-08-29 19:30:00,0.03632,0.03645,0.0362,0.03629,212684.0
2025-08-29 20:00:00,0.03633,0.03636,0.03617,0.03625,339519.0
2025-08-29 20:30:00,0.03625,0.0363,0.03604,0.03617,304373.0
2025-08-29 21:00:00,0.03617,0.03641,0.03609,0.03641,243364.0
2025-08-29 21:30:00,0.03641,0.03678,0.03638,0.03678,479101.0
2025-08-29 22:00:00,0.03676,0.03677,0.03658,0.03671,245390.0
2025-08-29 22:30:00,0.03672,0.03693,0.03667,0.03693,421016.0
2025-08-29 23:00:00,0.03694,0.03714,0.03685,0.03695,1327669.0
2025-08-29 23:30:00,0.03697,0.03709,0.03678,0.03678,302192.0
2025-08-30 00:00:00,0.0368,0.03698,0.03658,0.03658,625641.0
2025-08-30 00:30:00,0.0366,0.03663,0.03634,0.03658,804849.0
2025-08-30 01:00:00,0.03658,0.03672,0.0365,0.03656,350278.0
2025-08-30 01:30:00,0.03656,0.03662,0.03624,0.03629,503311.0
2025-08-30 02:00:00,0.0363,0.03676,0.03623,0.03675,452899.0
2025-08-30 02:30:00,0.03675,0.03686,0.03668,0.03683,269187.0
2025-08-30 03:00:00,0.0368,0.03762,0.03673,0.0375,773584.0
2025-08-30 03:30:00,0.03748,0.03759,0.0374,0.03757,560114.0
2025-08-30 04:00:00,0.03757,0.03758,0.03737,0.03744,620437.0
2025-08-30 04:30:00,0.03746,0.0376,0.0374,0.03748,439110.0
2025-08-30 05:00:00,0.03748,0.03768,0.03735,0.03742,479579.0
2025-08-30 05:30:00,0.0374,0.03761,0.03735,0.03745,293571.0
2025-08-30 06:00:00,0.03745,0.03764,0.03745,0.0375,388223.0
2025-08-30 06:30:00,0.0375,0.03799,0.0375,0.03783,2187496.0
2025-08-30 07:00:00,0.03783,0.03784,0.03764,0.03774,690707.0
2025-08-30 07:30:00,0.03774,0.03788,0.03772,0.0378,162753.0
2025-08-30 08:00:00,0.0378,0.03793,0.03763,0.0379,394463.0
2025-08-30 08:30:00,0.0379,0.03797,0.0376,0.03765,392817.0
2025-08-30 09:00:00,0.03768,0.0377,0.03745,0.03759,237878.0
2025-08-30 09:30:00,0.03762,0.03776,0.03757,0.03759,270400.0
2025-08-30 10:00:00,0.03759,0.0378,0.03757,0.03762,273405.0
2025-08-30 10:30:00,0.0376,0.03771,0.03745,0.0377,123353.0
2025-08-30 11:00:00,0.03773,0.03784,0.0376,0.03771,424251.0
2025-08-30 11:30:00,0.0377,0.0379,0.03759,0.03788,310487.0
2025-08-30 12:00:00,0.0379,0.03803,0.03774,0.03777,900695.0
2025-08-30 12:30:00,0.03774,0.03778,0.03741,0.03767,629304.0
2025-08-30 13:00:00,0.03766,0.03766,0.03721,0.03726,456538.0
2025-08-30 13:30:00,0.0373,0.03744,0.03724,0.03741,238601.0
2025-08-30 14:00:00,0.03741,0.03748,0.0371,0.03717,391225.0
2025-08-30 14:30:00,0.03719,0.03734,0.03715,0.03733,218967.0
2025-08-30 15:00:00,0.03733,0.03746,0.03719,0.03735,610456.0
2025-08-30 15:30:00,0.03736,0.03744,0.03701,0.03706,743020.0
2025-08-30 16:00:00,0.03707,0.03707,0.03647,0.03647,2845269.0
2025-08-30 16:30:00,0.03651,0.03656,0.03596,0.03596,2330570.0
2025-08-30 17:00:00,0.03598,0.03617,0.03571,0.03576,2668517.0
2025-08-30 17:30:00,0.03578,0.03586,0.0355,0.03561,2846540.0
2025-08-30 18:00:00,0.03563,0.03563,0.0348,0.03489,5467934.0
2025-08-30 18:30:00,0.03489,0.035,0.03455,0.03464,5127768.0
2025-08-30 19:00:00,0.03463,0.03531,0.03427,0.03456,6857793.0
2025-08-30 19:30:00,0.03456,0.03463,0.03391,0.03407,7259329.0
2025-08-30 20:00:00,0.03405,0.03686,0.03391,0.0362,21913613.0
2025-08-30 20:30:00,0.0362,0.0366,0.03601,0.03617,1763539.0
2025-08-30 21:00:00,0.03614,0.03616,0.03557,0.0357,1846869.0
2025-08-30 21:30:00,0.03568,0.03604,0.03551,0.03599,637071.0
2025-08-30 22:00:00,0.03596,0.03599,0.03562,0.03591,762409.0
2025-08-30 22:30:00,0.03591,0.03619,0.03587,0.03607,542278.0
2025-08-30 23:00:00,0.03607,0.03622,0.03601,0.03614,584162.0
2025-08-30 23:30:00,0.03614,0.03626,0.03598,0.03624,631516.0
2025-08-31 00:00:00,0.03624,0.03624,0.0358,0.03592,1079841.0
2025-08-31 00:30:00,0.03592,0.03632,0.03586,0.0363,709201.0
2025-08-31 01:00:00,0.0363,0.03634,0.03598,0.03617,738911.0
2025-08-31 01:30:00,0.03617,0.03649,0.03617,0.03638,555703.0
2025-08-31 02:00:00,0.03638,0.03654,0.03629,0.0365,1048832.0
2025-08-31 02:30:00,0.03649,0.03661,0.03646,0.03653,534470.0
2025-08-31 03:00:00,0.03653,0.03676,0.03644,0.03657,1539292.0
2025-08-31 03:30:00,0.03657,0.03667,0.0364,0.03664,904541.0
2025-08-31 04:00:00,0.03663,0.03696,0.03644,0.0365,1295317.0
2025-08-31 04:30:00,0.03649,0.03652,0.03638,0.03646,348555.0
2025-08-31 05:00:00,0.03646,0.03664,0.0364,0.03642,309344.0
2025-08-31 05:30:00,0.03642,0.0366,0.03631,0.03644,501331.0
2025-08-31 06:00:00,0.03644,0.03647,0.03616,0.03625,339996.0
2025-08-31 06:30:00,0.03625,0.03627,0.03614,0.03619,178690.0
2025-08-31 07:00:00,0.03619,0.03634,0.03613,0.03634,324481.0
2025-08-31 07:30:00,0.03631,0.03636,0.03615,0.03619,321315.0
2025-08-31 08:00:00,0.03617,0.0364,0.03615,0.03638,296810.0
2025-08-31 08:30:00,0.03638,0.0366,0.03632,0.03656,580105.0
2025-08-31 09:00:00,0.03655,0.03655,0.03627,0.03639,556141.0
2025-08-31 09:30:00,0.0364,0.03647,0.0361,0.03615,371686.0
2025-08-31 10:00:00,0.03616,0.03619,0.03599,0.03604,425920.0
2025-08-31 10:30:00,0.03603,0.03608,0.03595,0.03604,395037.0
2025-08-31 11:00:00,0.03606,0.03623,0.03598,0.03622,516083.0
2025-08-31 11:30:00,0.03624,0.03632,0.03609,0.03629,576805.0
2025-08-31 12:00:00,0.03629,0.03639,0.03604,0.03607,483357.0
2025-08-31 12:30:00,0.03604,0.03649,0.03602,0.03627,797289.0
2025-08-31 13:00:00,0.03625,0.03639,0.03612,0.03612,329477.0
2025-08-31 13:30:00,0.03612,0.03615,0.03594,0.03598,409689.0
2025-08-31 14:00:00,0.03601,0.03621,0.03589,0.03621,673294.0
2025-08-31 14:30:00,0.0362,0.03623,0.03609,0.03613,363596.0
2025-08-31 15:00:00,0.0361,0.03632,0.03608,0.03621,374804.0
2025-08-31 15:30:00,0.03621,0.03622,0.03597,0.03607,944408.0
2025-08-31 16:00:00,0.03608,0.03614,0.036,0.03604,675943.0
2025-08-31 16:30:00,0.03603,0.03612,0.03598,0.03606,219384.0
2025-08-31 17:00:00,0.03606,0.03621,0.03604,0.0361,571528.0
2025-08-31 17:30:00,0.0361,0.03615,0.03601,0.03608,276313.0
2025-08-31 18:00:00,0.03608,0.03621,0.03604,0.03618,162199.0
2025-08-31 18:30:00,0.03618,0.03625,0.03611,0.03618,456262.0
2025-08-31 19:00:00,0.0362,0.0362,0.03573,0.03585,1221503.0
2025-08-31 19:30:00,0.03585,0.03587,0.03568,0.03573,310517.0
2025-08-31 20:00:00,0.03573,0.03587,0.03564,0.03575,661111.0
2025-08-31 20:30:00,0.03575,0.03585,0.03574,0.03583,137173.0
2025-08-31 21:00:00,0.03582,0.03586,0.03577,0.03582,150098.0
2025-08-31 21:30:00,0.03582,0.03588,0.03575,0.03583,162350.0
2025-08-31 22:00:00,0.03586,0.03604,0.03573,0.03596,237454.0
2025-08-31 22:30:00,0.03596,0.036,0.03538,0.03566,704526.0
2025-08-31 23:00:00,0.03563,0.03583,0.03552,0.03573,413395.0
2025-08-31 23:30:00,0.03569,0.03572,0.03554,0.0356,386463.0
2025-09-01 00:00:00,0.03557,0.03566,0.03523,0.03559,1072030.0
2025-09-01 00:30:00,0.03559,0.03598,0.0355,0.0357,670617.0
2025-09-01 01:00:00,0.03572,0.03582,0.03559,0.03577,199176.0
2025-09-01 01:30:00,0.03578,0.03613,0.03572,0.03589,731422.0
2025-09-01 02:00:00,0.03588,0.03594,0.03536,0.0355,877961.0
2025-09-01 02:30:00,0.03547,0.03547,0.03515,0.03537,816128.0
2025-09-01 03:00:00,0.03533,0.03558,0.03528,0.03542,612472.0
2025-09-01 03:30:00,0.0354,0.03556,0.03535,0.03548,418010.0
2025-09-01 04:00:00,0.03548,0.03549,0.03511,0.03518,423267.0
2025-09-01 04:30:00,0.03517,0.03517,0.03492,0.03507,1011133.0
2025-09-01 05:00:00,0.03504,0.03516,0.03482,0.03489,792119.0
2025-09-01 05:30:00,0.03489,0.03512,0.03485,0.03506,596751.0
2025-09-01 06:00:00,0.03506,0.03506,0.03486,0.03499,263915.0
2025-09-01 06:30:00,0.03496,0.0354,0.0349,0.03519,563052.0
2025-09-01 07:00:00,0.03522,0.03529,0.03485,0.03515,614982.0
2025-09-01 07:30:00,0.03511,0.03583,0.03497,0.03571,1163998.0
2025-09-01 08:00:00,0.03574,0.03595,0.03552,0.03552,519955.0
2025-09-01 08:30:00,0.03551,0.03568,0.0353,0.03567,726291.0
2025-09-01 09:00:00,0.03563,0.03592,0.0355,0.03581,438563.0
2025-09-01 09:30:00,0.03579,0.03593,0.03559,0.03568,370197.0
2025-09-01 10:00:00,0.03566,0.03604,0.03554,0.03568,571465.0
2025-09-01 10:30:00,0.03568,0.03583,0.03546,0.03554,724495.0
2025-09-01 11:00:00,0.0355,0.03562,0.03515,0.03542,669789.0
2025-09-01 11:30:00,0.0354,0.0354,0.03498,0.035,543949.0
2025-09-01 12:00:00,0.035,0.03522,0.03492,0.03522,585974.0
2025-09-01 12:30:00,0.03522,0.03532,0.03492,0.03506,421010.0
2025-09-01 13:00:00,0.03506,0.03518,0.03489,0.03516,468195.0
2025-09-01 13:30:00,0.03513,0.03518,0.03498,0.03511,474024.0
2025-09-01 14:00:00,0.03511,0.0353,0.03496,0.03498,140656.0
2025-09-01 14:30:00,0.035,0.03503,0.0348,0.03495,246261.0
2025-09-01 15:00:00,0.03492,0.03493,0.03469,0.0348,436242.0
2025-09-01 15:30:00,0.0348,0.03494,0.0346,0.03471,402445.0
2025-09-01 16:00:00,0.03467,0.03469,0.03428,0.0345,722696.0
2025-09-01 16:30:00,0.03448,0.03458,0.03431,0.03441,369684.0
2025-09-01 17:00:00,0.0344,0.03455,0.03432,0.03441,397961.0
2025-09-01 17:30:00,0.03439,0.03453,0.03431,0.03444,357568.0
2025-09-01 18:00:00,0.03446,0.03473,0.03438,0.03463,227481.0
2025-09-01 18:30:00,0.03463,0.0348,0.03453,0.03461,346115.0
2025-09-01 19:00:00,0.0346,0.03472,0.03448,0.03451,287165.0
2025-09-01 19:30:00,0.03451,0.03478,0.03449,0.03478,195514.0
2025-09-01 20:00:00,0.03478,0.03485,0.03463,0.03484,180873.0
2025-09-01 20:30:00,0.03484,0.03489,0.03424,0.03448,980640.0
2025-09-01 21:00:00,0.03448,0.0345,0.0341,0.03426,592562.0
2025-09-01 21:30:00,0.03423,0.0343,0.03368,0.03398,1776270.0
2025-09-01 22:00:00,0.03398,0.03414,0.03376,0.03395,662418.0
2025-09-01 22:30:00,0.03395,0.03442,0.03391,0.03437,554186.0
2025-09-01 23:00:00,0.03433,0.03442,0.03426,0.03442,177582.0
2025-09-01 23:30:00,0.0344,0.03466,0.03439,0.03463,201605.0
2025-09-02 00:00:00,0.03465,0.03471,0.03452,0.03468,517777.0
2025-09-02 00:30:00,0.03466,0.03481,0.03451,0.03461,468438.0
2025-09-02 01:00:00,0.03461,0.03474,0.03448,0.03474,197435.0
2025-09-02 01:30:00,0.03473,0.03559,0.0347,0.0354,497649.0
2025-09-02 02:00:00,0.0354,0.03542,0.03464,0.03507,837552.0
2025-09-02 02:30:00,0.03506,0.0354,0.03498,0.0354,222796.0
2025-09-02 03:00:00,0.03538,0.03572,0.0352,0.03566,355321.0
2025-09-02 03:30:00,0.03565,0.03597,0.03556,0.03588,696204.0
2025-09-02 04:00:00,0.03588,0.036,0.0357,0.03591,444407.0
2025-09-02 04:30:00,0.03587,0.03595,0.03579,0.0359,231081.0
2025-09-02 05:00:00,0.03592,0.03612,0.03587,0.03595,376927.0
2025-09-02 05:30:00,0.03598,0.03654,0.03588,0.03612,1207459.0
2025-09-02 06:00:00,0.03612,0.03648,0.03588,0.03623,1970442.0
2025-09-02 06:30:00,0.0362,0.03641,0.03607,0.03609,251729.0
2025-09-02 07:00:00,0.03612,0.03612,0.03569,0.03579,341085.0
2025-09-02 07:30:00,0.0358,0.03584,0.03551,0.03557,372838.0
2025-09-02 08:00:00,0.03558,0.03573,0.03541,0.03556,271790.0
2025-09-02 08:30:00,0.03558,0.0356,0.03542,0.03544,246006.0
2025-09-02 09:00:00,0.03543,0.03555,0.03528,0.03534,212339.0
2025-09-02 09:30:00,0.03534,0.03542,0.0353,0.03532,322113.0
2025-09-02 10:00:00,0.03532,0.0354,0.03513,0.03519,341748.0
2025-09-02 10:30:00,0.03518,0.03535,0.03515,0.03534,176283.0
2025-09-02 11:00:00,0.03534,0.03535,0.03511,0.03522,272184.0
2025-09-02 11:30:00,0.0352,0.03529,0.03511,0.03525,217820.0
2025-09-02 12:00:00,0.03521,0.03528,0.03494,0.03503,446109.0
2025-09-02 12:30:00,0.03506,0.03516,0.03476,0.03482,1219041.0
2025-09-02 13:00:00,0.03476,0.03527,0.03476,0.03527,1525742.0
2025-09-02 13:30:00,0.03525,0.03576,0.03505,0.0356,802234.0
2025-09-02 14:00:00,0.03563,0.03577,0.03531,0.03548,1160931.0
2025-09-02 14:30:00,0.03546,0.03561,0.03532,0.0355,627565.0
2025-09-02 15:00:00,0.03548,0.03552,0.0352,0.03526,379910.0
2025-09-02 15:30:00,0.03524,0.03524,0.03452,0.03462,333558.0
2025-09-02 16:00:00,0.03462,0.03477,0.03453,0.0346,320668.0
2025-09-02 16:30:00,0.03462,0.03499,0.03462,0.03496,143262.0
2025-09-02 17:00:00,0.03497,0.03538,0.03497,0.03535,176276.0
2025-09-02 17:30:00,0.03534,0.03548,0.03518,0.03518,524932.0
2025-09-02 18:00:00,0.03521,0.03521,0.03493,0.03498,286230.0
2025-09-02 18:30:00,0.03499,0.03531,0.03493,0.0351,527344.0
2025-09-02 19:00:00,0.0351,0.03526,0.03504,0.03505,167687.0
2025-09-02 19:30:00,0.03502,0.03503,0.03483,0.03502,250647.0
2025-09-02 20:00:00,0.03502,0.03547,0.03494,0.03542,393387.0
2025-09-02 20:30:00,0.03542,0.03553,0.03529,0.03542,205773.0
2025-09-02 21:00:00,0.03541,0.03553,0.03535,0.0355,244385.0
2025-09-02 21:30:00,0.03552,0.03634,0.03552,0.03597,2218460.0
2025-09-02 22:00:00,0.03599,0.03599,0.03559,0.03581,1031756.0
2025-09-02 22:30:00,0.03581,0.03603,0.03576,0.03586,397733.0
2025-09-02 23:00:00,0.03586,0.0359,0.03566,0.0357,329703.0
2025-09-02 23:30:00,0.0357,0.03576,0.03559,0.03572,172580.0
2025-09-03 00:00:00,0.03573,0.03607,0.03567,0.03597,313408.0
2025-09-03 00:30:00,0.03594,0.03596,0.0356,0.03563,296313.0
2025-09-03 01:00:00,0.03565,0.03571,0.03557,0.03564,191182.0
2025-09-03 01:30:00,0.03566,0.03603,0.03565,0.03598,235956.0
2025-09-03 02:00:00,0.03598,0.03625,0.03589,0.03612,176598.0
2025-09-03 02:30:00,0.03612,0.03631,0.036,0.03603,754042.0
2025-09-03 03:00:00,0.03603,0.03609,0.03588,0.03596,184215.0
2025-09-03 03:30:00,0.03595,0.03599,0.03587,0.03596,84619.0
2025-09-03 04:00:00,0.03595,0.03603,0.03579,0.03588,185724.0
2025-09-03 04:30:00,0.03589,0.03608,0.03588,0.03599,271984.0
2025-09-03 05:00:00,0.03601,0.03635,0.03599,0.03606,954699.0
2025-09-03 05:30:00,0.03606,0.03639,0.0359,0.0363,690450.0
2025-09-03 06:00:00,0.03623,0.03623,0.03594,0.03601,418404.0
2025-09-03 06:30:00,0.036,0.03603,0.03576,0.03578,228780.0
2025-09-03 07:00:00,0.03578,0.03591,0.03573,0.03585,152641.0
2025-09-03 07:30:00,0.03585,0.03591,0.03565,0.03582,242535.0
2025-09-03 08:00:00,0.03582,0.03598,0.03577,0.0358,321186.0
2025-09-03 08:30:00,0.03582,0.03582,0.03535,0.03547,798670.0
2025-09-03 09:00:00,0.03549,0.03568,0.03538,0.03568,382611.0
2025-09-03 09:30:00,0.03568,0.03597,0.03556,0.03595,305122.0
2025-09-03 10:00:00,0.03596,0.03608,0.03587,0.03605,207991.0
2025-09-03 10:30:00,0.03608,0.03626,0.03599,0.03613,299648.0
2025-09-03 11:00:00,0.03613,0.03632,0.03607,0.03617,177204.0
2025-09-03 11:30:00,0.03616,0.03623,0.03607,0.03607,153053.0
2025-09-03 12:00:00,0.03609,0.03615,0.03569,0.0359,291830.0
2025-09-03 12:30:00,0.03587,0.03607,0.03579,0.03598,345000.0
2025-09-03 13:00:00,0.036,0.03633,0.03593,0.03614,282344.0
2025-09-03 13:30:00,0.03616,0.03636,0.03604,0.03629,474107.0
2025-09-03 14:00:00,0.03629,0.03641,0.03622,0.03636,213467.0
2025-09-03 14:30:00,0.03638,0.0366,0.03637,0.03655,359165.0
2025-09-03 15:00:00,0.03656,0.03669,0.03643,0.0365,450176.0
2025-09-03 15:30:00,0.03648,0.03667,0.03647,0.03662,304576.0
2025-09-03 16:00:00,0.03661,0.03676,0.0366,0.03661,293664.0
2025-09-03 16:30:00,0.03661,0.03663,0.03631,0.03636,156241.0
2025-09-03 17:00:00,0.03637,0.03709,0.03637,0.03673,989437.0
2025-09-03 17:30:00,0.03673,0.03689,0.03663,0.03672,384268.0
2025-09-03 18:00:00,0.03673,0.03676,0.0365,0.03652,353454.0
2025-09-03 18:30:00,0.03653,0.03661,0.03637,0.03658,265154.0
2025-09-03 19:00:00,0.03657,0.03683,0.03652,0.03665,392728.0
2025-09-03 19:30:00,0.03663,0.03686,0.03655,0.03672,639118.0
2025-09-03 20:00:00,0.03673,0.03676,0.03633,0.03633,283984.0
2025-09-03 20:30:00,0.03633,0.0364,0.03628,0.0363,291536.0
2025-09-03 21:00:00,0.03633,0.0366,0.03631,0.03649,323024.0
2025-09-03 21:30:00,0.03651,0.03657,0.0364,0.03654,117879.0
2025-09-03 22:00:00,0.03654,0.03678,0.03653,0.03675,196048.0
2025-09-03 22:30:00,0.03675,0.03717,0.03665,0.03708,707545.0
2025-09-03 23:00:00,0.03707,0.03711,0.03678,0.03681,685745.0
2025-09-03 23:30:00,0.03683,0.03687,0.03678,0.03682,108525.0
2025-09-04 00:00:00,0.03682,0.03689,0.03672,0.03684,184536.0
2025-09-04 00:30:00,0.03682,0.03698,0.03679,0.03689,212773.0
2025-09-04 01:00:00,0.03689,0.03689,0.0367,0.0368,114414.0
2025-09-04 01:30:00,0.03679,0.03687,0.03668,0.03676,234087.0
2025-09-04 02:00:00,0.03675,0.03676,0.03653,0.03654,267912.0
2025-09-04 02:30:00,0.03653,0.03673,0.03647,0.0365,345093.0
2025-09-04 03:00:00,0.03651,0.03658,0.03641,0.03643,244292.0
2025-09-04 03:30:00,0.03643,0.0365,0.03638,0.03639,246369.0
2025-09-04 04:00:00,0.03639,0.03643,0.0363,0.03635,311508.0
2025-09-04 04:30:00,0.03636,0.03641,0.03623,0.03627,187063.0
2025-09-04 05:00:00,0.03624,0.03627,0.03531,0.03561,1851379.0
2025-09-04 05:30:00,0.03563,0.03566,0.03547,0.03563,290317.0
2025-09-04 06:00:00,0.03563,0.03567,0.03547,0.03551,202856.0
2025-09-04 06:30:00,0.03552,0.03583,0.03545,0.03581,502505.0
2025-09-04 07:00:00,0.0358,0.03602,0.03576,0.03598,285137.0
2025-09-04 07:30:00,0.03596,0.03601,0.0358,0.03593,303631.0
2025-09-04 08:00:00,0.03593,0.03602,0.03585,0.03599,219136.0
2025-09-04 08:30:00,0.03599,0.03599,0.0354,0.03547,361833.0
2025-09-04 09:00:00,0.03547,0.03572,0.03547,0.03564,215957.0
2025-09-04 09:30:00,0.03565,0.03577,0.03557,0.03567,106263.0
2025-09-04 10:00:00,0.03567,0.03574,0.0355,0.03559,266963.0
2025-09-04 10:30:00,0.03561,0.03576,0.03545,0.03558,334004.0
2025-09-04 11:00:00,0.0356,0.03581,0.03554,0.03571,110783.0
2025-09-04 11:30:00,0.03573,0.03579,0.03557,0.03565,74394.0
2025-09-04 12:00:00,0.03566,0.03579,0.03533,0.03552,322543.0
2025-09-04 12:30:00,0.03551,0.03573,0.03534,0.03573,237044.0
2025-09-04 13:00:00,0.03576,0.03586,0.03566,0.03584,197016.0
2025-09-04 13:30:00,0.03582,0.03587,0.03561,0.03569,217695.0
2025-09-04 14:00:00,0.03567,0.03569,0.03528,0.03545,473373.0
2025-09-04 14:30:00,0.03544,0.03554,0.03531,0.03534,150417.0
2025-09-04 15:00:00,0.03533,0.03551,0.03521,0.03539,353346.0
2025-09-04 15:30:00,0.03538,0.03565,0.03528,0.03559,170660.0
2025-09-04 16:00:00,0.03558,0.03562,0.03493,0.03501,629747.0
2025-09-04 16:30:00,0.03501,0.03509,0.03494,0.035,167486.0
2025-09-04 17:00:00,0.03502,0.03524,0.03501,0.03518,189564.0
2025-09-04 17:30:00,0.03517,0.03542,0.03514,0.03539,218754.0
2025-09-04 18:00:00,0.03537,0.03549,0.03511,0.03511,158724.0
2025-09-04 18:30:00,0.03508,0.03527,0.03499,0.03521,140843.0
2025-09-04 19:00:00,0.03521,0.03538,0.03516,0.03527,181642.0
2025-09-04 19:30:00,0.03529,0.03532,0.03514,0.03529,135808.0
2025-09-04 20:00:00,0.03527,0.03553,0.03515,0.03524,195112.0
2025-09-04 20:30:00,0.03524,0.03524,0.03499,0.03504,399881.0
2025-09-04 21:00:00,0.03502,0.03524,0.03501,0.03516,164720.0
2025-09-04 21:30:00,0.03515,0.03529,0.03512,0.03524,105131.0
2025-09-04 22:00:00,0.03526,0.0355,0.0352,0.0355,174503.0
2025-09-04 22:30:00,0.03547,0.03583,0.03546,0.03575,340839.0
2025-09-04 23:00:00,0.03575,0.03583,0.03556,0.03556,192647.0
2025-09-04 23:30:00,0.03558,0.0356,0.03521,0.03532,193642.0
2025-09-05 00:00:00,0.03533,0.03658,0.03529,0.0364,2342764.0
2025-09-05 00:30:00,0.03644,0.03706,0.0361,0.03639,3292762.0
2025-09-05 01:00:00,0.03639,0.03665,0.03585,0.03605,1410317.0
2025-09-05 01:30:00,0.03602,0.03606,0.03556,0.03573,582582.0
2025-09-05 02:00:00,0.03573,0.03591,0.03565,0.03576,239485.0
2025-09-05 02:30:00,0.03576,0.03585,0.03554,0.03572,502634.0
2025-09-05 03:00:00,0.03571,0.03585,0.03564,0.03569,309021.0
2025-09-05 03:30:00,0.03569,0.03595,0.03567,0.03591,182223.0
2025-09-05 04:00:00,0.03591,0.03622,0.03585,0.03601,541055.0
2025-09-05 04:30:00,0.03604,0.03623,0.03596,0.03619,176152.0
2025-09-05 05:00:00,0.03619,0.03624,0.03603,0.03611,216524.0
2025-09-05 05:30:00,0.03614,0.03617,0.03607,0.03608,81379.0
2025-09-05 06:00:00,0.03608,0.03612,0.03603,0.03607,219688.0
2025-09-05 06:30:00,0.03608,0.03617,0.03605,0.03613,164268.0
2025-09-05 07:00:00,0.03613,0.03708,0.03613,0.03675,1349364.0
2025-09-05 07:30:00,0.03674,0.03741,0.03673,0.03703,1947482.0
2025-09-05 08:00:00,0.037,0.03721,0.03687,0.03703,1487486.0
2025-09-05 08:30:00,0.03701,0.03704,0.0369,0.03694,402706.0
2025-09-05 09:00:00,0.03695,0.03764,0.03687,0.03754,1588035.0
2025-09-05 09:30:00,0.03754,0.03911,0.03723,0.03821,13947730.0
2025-09-05 10:00:00,0.03819,0.03902,0.03811,0.03823,5113057.0
2025-09-05 10:30:00,0.03825,0.03873,0.03816,0.03855,1599579.0
2025-09-05 11:00:00,0.03859,0.03863,0.03794,0.03814,1609827.0
2025-09-05 11:30:00,0.0382,0.03911,0.03811,0.03902,4135772.0
2025-09-05 12:00:00,0.039,0.03972,0.03835,0.03912,5289843.0
2025-09-05 12:30:00,0.0391,0.03929,0.03869,0.03889,1646970.0
2025-09-05 13:00:00,0.03892,0.03915,0.03856,0.03881,1149398.0
2025-09-05 13:30:00,0.03884,0.04032,0.03839,0.04009,6567777.0
2025-09-05 14:00:00,0.04014,0.0402,0.03918,0.03959,7016448.0
2025-09-05 14:30:00,0.03958,0.03991,0.03877,0.03883,5464028.0
2025-09-05 15:00:00,0.03886,0.03898,0.03853,0.03879,2970547.0
2025-09-05 15:30:00,0.0388,0.03889,0.03814,0.03884,3207224.0
2025-09-05 16:00:00,0.03886,0.03967,0.03853,0.03946,2948497.0
2025-09-05 16:30:00,0.03946,0.03979,0.03936,0.03953,1601757.0
2025-09-05 17:00:00,0.03952,0.03973,0.03934,0.03947,874710.0
2025-09-05 17:30:00,0.0395,0.0396,0.03929,0.0393,677566.0
2025-09-05 18:00:00,0.0393,0.04005,0.03918,0.03959,1700081.0
2025-09-05 18:30:00,0.0396,0.04026,0.0394,0.0401,1973505.0
2025-09-05 19:00:00,0.04008,0.04031,0.03984,0.03997,1018954.0
2025-09-05 19:30:00,0.04,0.04013,0.03971,0.04004,419666.0
2025-09-05 20:00:00,0.04002,0.04358,0.03995,0.04228,58136921.0
2025-09-05 20:30:00,0.04224,0.04315,0.0412,0.04184,41246912.0
2025-09-05 21:00:00,0.04182,0.04258,0.04123,0.04177,15216318.0
2025-09-05 21:30:00,0.04176,0.04216,0.04146,0.04184,8569729.0
2025-09-05 22:00:00,0.04184,0.04249,0.04148,0.0418,7748224.0
2025-09-05 22:30:00,0.04177,0.04195,0.04125,0.0418,4885705.0
2025-09-05 23:00:00,0.04184,0.04229,0.04155,0.04218,4173815.0
2025-09-05 23:30:00,0.04221,0.04274,0.04196,0.04251,7347728.0
2025-09-06 00:00:00,0.04249,0.04322,0.04199,0.04259,11979717.0
2025-09-06 00:30:00,0.04262,0.04291,0.04116,0.04138,15295725.0
2025-09-06 01:00:00,0.04138,0.04261,0.04135,0.04242,8113279.0
2025-09-06 01:30:00,0.04245,0.04371,0.04207,0.04301,13870354.0
2025-09-06 02:00:00,0.04301,0.0431,0.04165,0.04229,12069076.0
2025-09-06 02:30:00,0.04224,0.04267,0.04112,0.04141,11199171.0
2025-09-06 03:00:00,0.04143,0.04158,0.04121,0.04158,3109422.0
2025-09-06 03:30:00,0.04158,0.04198,0.04118,0.04188,5141653.0
2025-09-06 04:00:00,0.04188,0.04192,0.04015,0.0402,17841183.0
2025-09-06 04:30:00,0.04022,0.04095,0.04016,0.0409,8799374.0
2025-09-06 05:00:00,0.04089,0.04163,0.0408,0.04084,5450521.0
2025-09-06 05:30:00,0.04088,0.04129,0.0408,0.04094,3029687.0
2025-09-06 06:00:00,0.04094,0.04144,0.04084,0.04117,5245700.0
2025-09-06 06:30:00,0.04119,0.04195,0.04054,0.04159,7071005.0
2025-09-06 07:00:00,0.04162,0.04192,0.04144,0.04156,3315361.0
2025-09-06 07:30:00,0.04157,0.04188,0.04139,0.04153,2481911.0
2025-09-06 08:00:00,0.04153,0.04226,0.04104,0.04207,7747803.0
2025-09-06 08:30:00,0.04205,0.04238,0.04179,0.04197,6273357.0
2025-09-06 09:00:00,0.04199,0.042,0.04146,0.04149,3910291.0
2025-09-06 09:30:00,0.04149,0.04226,0.04131,0.04208,3947087.0
2025-09-06 10:00:00,0.04207,0.04207,0.04168,0.04203,2860706.0
2025-09-06 10:30:00,0.04201,0.04218,0.04122,0.04181,4053587.0
2025-09-06 11:00:00,0.04182,0.04191,0.04142,0.04189,1780194.0
2025-09-06 11:30:00,0.04188,0.04235,0.04172,0.04211,3735886.0
2025-09-06 12:00:00,0.04208,0.04216,0.04152,0.04169,3944315.0
2025-09-06 12:30:00,0.04171,0.04203,0.04127,0.04143,2788018.0
2025-09-06 13:00:00,0.04145,0.04234,0.04116,0.04178,6053437.0
2025-09-06 13:30:00,0.04177,0.04193,0.04156,0.04183,2126518.0
2025-09-06 14:00:00,0.0418,0.04201,0.04143,0.04191,2705224.0
2025-09-06 14:30:00,0.04193,0.04199,0.04154,0.04182,1427067.0
2025-09-06 15:00:00,0.04182,0.04186,0.04045,0.0408,6121877.0
2025-09-06 15:30:00,0.04078,0.04119,0.04063,0.04096,2414914.0
2025-09-06 16:00:00,0.04095,0.04236,0.04089,0.04141,5650048.0
2025-09-06 16:30:00,0.04137,0.04183,0.04133,0.04166,1495499.0
2025-09-06 17:00:00,0.04168,0.04169,0.04083,0.04084,1496954.0
2025-09-06 17:30:00,0.04088,0.04088,0.03974,0.04001,5371168.0
2025-09-06 18:00:00,0.04003,0.04053,0.04001,0.04041,1440840.0
2025-09-06 18:30:00,0.04042,0.04107,0.04038,0.04079,1769717.0
2025-09-06 19:00:00,0.04081,0.04087,0.04049,0.04056,815192.0
2025-09-06 19:30:00,0.04054,0.04056,0.0396,0.03977,2763735.0
2025-09-06 20:00:00,0.03978,0.04045,0.03976,0.04045,1820530.0
2025-09-06 20:30:00,0.04043,0.04091,0.04026,0.04086,1161206.0
2025-09-06 21:00:00,0.04086,0.04096,0.04063,0.04072,700750.0
2025-09-06 21:30:00,0.04074,0.04085,0.04013,0.04018,1464809.0
2025-09-06 22:00:00,0.04015,0.04061,0.04012,0.04045,1410422.0
2025-09-06 22:30:00,0.04045,0.04061,0.04037,0.04043,785496.0
2025-09-06 23:00:00,0.04042,0.0407,0.04031,0.04056,613404.0
2025-09-06 23:30:00,0.04056,0.04072,0.04053,0.04066,1245541.0
2025-09-07 00:00:00,0.04066,0.04094,0.04062,0.04083,1688462.0
2025-09-07 00:30:00,0.04081,0.04105,0.04071,0.04086,3479045.0
2025-09-07 01:00:00,0.04086,0.04095,0.04038,0.04089,1206824.0
2025-09-07 01:30:00,0.04089,0.04199,0.04083,0.0417,5803175.0
2025-09-07 02:00:00,0.04174,0.04191,0.04146,0.04189,4219736.0
2025-09-07 02:30:00,0.04184,0.0421,0.0416,0.04192,2892564.0
2025-09-07 03:00:00,0.0419,0.04191,0.04153,0.04157,2286971.0
2025-09-07 03:30:00,0.04157,0.04157,0.04115,0.04151,1731040.0
2025-09-07 04:00:00,0.04151,0.04152,0.0405,0.04084,3692375.0
2025-09-07 04:30:00,0.04083,0.04083,0.04023,0.04044,3235136.0
2025-09-07 05:00:00,0.04044,0.04113,0.04044,0.04108,1501156.0
2025-09-07 05:30:00,0.04109,0.04115,0.04072,0.04091,1537248.0
2025-09-07 06:00:00,0.04091,0.04104,0.04048,0.04104,1399442.0
2025-09-07 06:30:00,0.04105,0.04105,0.04072,0.04089,1389494.0
2025-09-07 07:00:00,0.04088,0.04104,0.04072,0.04077,999983.0
2025-09-07 07:30:00,0.04077,0.04082,0.04061,0.04077,545271.0
2025-09-07 08:00:00,0.04077,0.04122,0.04067,0.04107,1106970.0
2025-09-07 08:30:00,0.04107,0.04108,0.04045,0.04052,2854679.0
2025-09-07 09:00:00,0.04052,0.04083,0.04044,0.04049,1157405.0
2025-09-07 09:30:00,0.04051,0.04061,0.0401,0.04042,1811243.0
2025-09-07 10:00:00,0.0404,0.04061,0.04023,0.04056,828694.0
2025-09-07 10:30:00,0.0406,0.0408,0.04035,0.04074,2071770.0
2025-09-07 11:00:00,0.04073,0.04078,0.04043,0.0406,422283.0
2025-09-07 11:30:00,0.04058,0.0406,0.04044,0.04053,374186.0
2025-09-07 12:00:00,0.04052,0.04079,0.04037,0.04066,1132892.0
2025-09-07 12:30:00,0.04066,0.04066,0.04009,0.04017,1952666.0
2025-09-07 13:00:00,0.04017,0.04054,0.04005,0.04054,1104178.0
2025-09-07 13:30:00,0.04051,0.04071,0.04035,0.04067,1303258.0
2025-09-07 14:00:00,0.04068,0.04075,0.04036,0.04068,1448080.0
2025-09-07 14:30:00,0.04072,0.04075,0.04026,0.04074,2311555.0
2025-09-07 15:00:00,0.04074,0.04095,0.04035,0.0406,2073782.0
2025-09-07 15:30:00,0.0406,0.04093,0.04043,0.04093,970585.0
2025-09-07 16:00:00,0.04094,0.04139,0.04055,0.04123,1819052.0
2025-09-07 16:30:00,0.0412,0.04138,0.041,0.04127,1679550.0
2025-09-07 17:00:00,0.04123,0.04148,0.04103,0.04116,1596160.0
2025-09-07 17:30:00,0.04116,0.04152,0.04101,0.04141,1770022.0
2025-09-07 18:00:00,0.04143,0.04232,0.04134,0.04167,6264651.0
2025-09-07 18:30:00,0.04166,0.04237,0.04159,0.04183,3225145.0
2025-09-07 19:00:00,0.04183,0.04186,0.04147,0.04161,1404468.0
2025-09-07 19:30:00,0.04164,0.04187,0.04154,0.04177,1615877.0
2025-09-07 20:00:00,0.04177,0.04261,0.04167,0.04234,2481974.0
2025-09-07 20:30:00,0.04236,0.04244,0.04199,0.04204,785922.0
2025-09-07 21:00:00,0.04205,0.04213,0.04183,0.0421,1382093.0
2025-09-07 21:30:00,0.04209,0.04237,0.04204,0.04219,536587.0
2025-09-07 22:00:00,0.04218,0.04249,0.04191,0.04199,2175329.0
2025-09-07 22:30:00,0.042,0.04202,0.04167,0.04173,1560544.0
2025-09-07 23:00:00,0.04175,0.04186,0.04145,0.04157,1738390.0
2025-09-07 23:30:00,0.04159,0.04161,0.04115,0.04126,884035.0
2025-09-08 00:00:00,0.04127,0.04186,0.04104,0.0412,1288394.0
2025-09-08 00:30:00,0.04121,0.04134,0.04104,0.04112,614104.0
2025-09-08 01:00:00,0.04113,0.04124,0.0408,0.04087,902396.0
2025-09-08 01:30:00,0.04086,0.04091,0.04071,0.0408,448252.0
2025-09-08 02:00:00,0.04079,0.04126,0.04077,0.04107,1057932.0
2025-09-08 02:30:00,0.04109,0.04136,0.04091,0.04113,631183.0
2025-09-08 03:00:00,0.04113,0.04134,0.04099,0.04118,946857.0
2025-09-08 03:30:00,0.04117,0.04203,0.04115,0.04198,1047499.0
2025-09-08 04:00:00,0.04194,0.04271,0.04185,0.04217,3357160.0
2025-09-08 04:30:00,0.04218,0.04231,0.04138,0.04168,1394930.0
2025-09-08 05:00:00,0.04171,0.04175,0.04123,0.04123,914145.0
2025-09-08 05:30:00,0.04125,0.04136,0.04081,0.04094,741045.0
2025-09-08 06:00:00,0.0409,0.04099,0.04051,0.04079,1553226.0
2025-09-08 06:30:00,0.04076,0.04099,0.04063,0.04082,382238.0
2025-09-08 07:00:00,0.04079,0.04131,0.04075,0.04119,1308772.0
2025-09-08 07:30:00,0.04119,0.04137,0.04099,0.04106,869892.0
2025-09-08 08:00:00,0.04106,0.04211,0.04106,0.04179,3270058.0
2025-09-08 08:30:00,0.04183,0.04205,0.04152,0.04201,1771171.0
2025-09-08 09:00:00,0.04198,0.04224,0.0418,0.04217,732120.0
2025-09-08 09:30:00,0.0422,0.04268,0.04204,0.04222,1915265.0
2025-09-08 10:00:00,0.04221,0.04243,0.04194,0.04224,1622208.0
2025-09-08 10:30:00,0.04225,0.04234,0.04184,0.04193,1190301.0
2025-09-08 11:00:00,0.04197,0.04245,0.0413,0.04204,3058243.0
2025-09-08 11:30:00,0.04204,0.04208,0.04139,0.04167,2118615.0
2025-09-08 12:00:00,0.04166,0.04179,0.04129,0.04169,1602037.0
2025-09-08 12:30:00,0.04171,0.04227,0.04171,0.04212,1398903.0
2025-09-08 13:00:00,0.04212,0.0422,0.0415,0.04187,1108102.0
2025-09-08 13:30:00,0.04188,0.04204,0.04103,0.04128,1960909.0
2025-09-08 14:00:00,0.04127,0.04232,0.04127,0.04227,1359947.0
2025-09-08 14:30:00,0.0423,0.04255,0.04191,0.04202,2196720.0
2025-09-08 15:00:00,0.04201,0.04243,0.04191,0.04227,1038327.0
2025-09-08 15:30:00,0.04225,0.04249,0.04171,0.0419,1452560.0
2025-09-08 16:00:00,0.0419,0.04205,0.04151,0.04199,1739562.0
2025-09-08 16:30:00,0.04198,0.04229,0.04191,0.0422,2034867.0
2025-09-08 17:00:00,0.04218,0.0422,0.04143,0.04158,1453052.0
2025-09-08 17:30:00,0.04156,0.04221,0.04137,0.04175,3435794.0
2025-09-08 18:00:00,0.04172,0.04191,0.04143,0.04167,980655.0
2025-09-08 18:30:00,0.04166,0.04181,0.04138,0.04175,671349.0
2025-09-08 19:00:00,0.04176,0.04198,0.04105,0.04107,1636308.0
2025-09-08 19:30:00,0.04107,0.04121,0.04071,0.041,1726150.0
2025-09-08 20:00:00,0.04101,0.04306,0.04101,0.04223,11589635.0
2025-09-08 20:30:00,0.0422,0.04245,0.0419,0.0423,1998527.0
2025-09-08 21:00:00,0.04229,0.04236,0.04197,0.04233,668746.0
2025-09-08 21:30:00,0.04234,0.04274,0.04202,0.04219,1350550.0
2025-09-08 22:00:00,0.04219,0.04231,0.04192,0.04217,741939.0
2025-09-08 22:30:00,0.04216,0.04321,0.04182,0.04198,11235842.0
2025-09-08 23:00:00,0.04194,0.04246,0.04183,0.04222,676100.0
2025-09-08 23:30:00,0.04221,0.04265,0.04203,0.04224,1643700.0
2025-09-09 00:00:00,0.04226,0.04285,0.04222,0.04233,1452493.0
2025-09-09 00:30:00,0.04237,0.04276,0.04217,0.04261,1180668.0
2025-09-09 01:00:00,0.04266,0.04274,0.04213,0.04238,1143003.0
2025-09-09 01:30:00,0.04238,0.04255,0.04216,0.04229,637033.0
2025-09-09 02:00:00,0.04228,0.04244,0.0413,0.0415,1359895.0
2025-09-09 02:30:00,0.04151,0.04178,0.04087,0.04148,2548414.0
2025-09-09 03:00:00,0.04147,0.04174,0.04093,0.04141,1619784.0
2025-09-09 03:30:00,0.04139,0.04139,0.04106,0.04129,426446.0
2025-09-09 04:00:00,0.04129,0.04201,0.04125,0.04194,1442199.0
2025-09-09 04:30:00,0.04194,0.04249,0.04189,0.04203,1382573.0
2025-09-09 05:00:00,0.04201,0.04271,0.04185,0.04228,2283307.0
2025-09-09 05:30:00,0.04225,0.0427,0.04225,0.0425,788830.0
2025-09-09 06:00:00,0.04253,0.04274,0.04228,0.04264,1077461.0
2025-09-09 06:30:00,0.04265,0.04284,0.04262,0.04281,563661.0
2025-09-09 07:00:00,0.0428,0.04336,0.04264,0.04295,2769549.0
2025-09-09 07:30:00,0.0429,0.04296,0.04188,0.0424,2312907.0
2025-09-09 08:00:00,0.04244,0.0427,0.04231,0.04252,1243130.0
2025-09-09 08:30:00,0.0425,0.04339,0.0425,0.04307,1335688.0
2025-09-09 09:00:00,0.04309,0.04898,0.04303,0.04862,61235150.0
2025-09-09 09:30:00,0.04855,0.05143,0.046,0.04781,103419423.0
2025-09-09 10:00:00,0.04781,0.04784,0.04511,0.04552,26166904.0
2025-09-09 10:30:00,0.04547,0.04618,0.04484,0.04575,15283352.0
2025-09-09 11:00:00,0.04574,0.0466,0.04502,0.04554,11149188.0
2025-09-09 11:30:00,0.04551,0.04572,0.04405,0.04515,16368696.0
2025-09-09 12:00:00,0.04518,0.0455,0.04409,0.04429,7260212.0
2025-09-09 12:30:00,0.04429,0.04433,0.04301,0.04363,11092217.0
2025-09-09 13:00:00,0.04363,0.04382,0.04316,0.04364,6680439.0
2025-09-09 13:30:00,0.04364,0.04424,0.04332,0.04376,5981076.0
2025-09-09 14:00:00,0.04379,0.04464,0.04319,0.04419,4202350.0
2025-09-09 14:30:00,0.04418,0.04418,0.04062,0.04169,27233190.0
2025-09-09 15:00:00,0.04169,0.04247,0.04093,0.04146,8188502.0
2025-09-09 15:30:00,0.04146,0.04154,0.0401,0.04067,8052631.0
2025-09-09 16:00:00,0.04071,0.04081,0.03969,0.03973,5538559.0
2025-09-09 16:30:00,0.03976,0.0403,0.03941,0.04026,5495525.0
2025-09-09 17:00:00,0.04021,0.0403,0.03997,0.0401,2901116.0
2025-09-09 17:30:00,0.0401,0.04071,0.04001,0.0404,3021177.0
2025-09-09 18:00:00,0.0404,0.04081,0.04039,0.04055,1186754.0
2025-09-09 18:30:00,0.04055,0.04066,0.04031,0.04041,822371.0
2025-09-09 19:00:00,0.04041,0.04075,0.04006,0.04064,2729232.0
2025-09-09 19:30:00,0.04064,0.04075,0.04039,0.04048,1085714.0
2025-09-09 20:00:00,0.04048,0.04089,0.04042,0.04081,624208.0
2025-09-09 20:30:00,0.04081,0.04096,0.04065,0.04087,721243.0
2025-09-09 21:00:00,0.04087,0.04122,0.04076,0.04077,964101.0
2025-09-09 21:30:00,0.04079,0.04117,0.04076,0.04083,660590.0
2025-09-09 22:00:00,0.04083,0.04141,0.04081,0.04119,1412776.0
2025-09-09 22:30:00,0.04117,0.04157,0.04115,0.04143,1012177.0
2025-09-09 23:00:00,0.04142,0.04165,0.04133,0.04142,1242572.0
2025-09-09 23:30:00,0.04142,0.04174,0.04135,0.04162,529411.0
2025-09-10 00:00:00,0.04165,0.04205,0.04154,0.042,1006236.0
2025-09-10 00:30:00,0.04191,0.04244,0.04188,0.0422,1742559.0
2025-09-10 01:00:00,0.0422,0.04235,0.04161,0.04213,2112054.0
2025-09-10 01:30:00,0.04213,0.04232,0.04196,0.04231,741546.0
2025-09-10 02:00:00,0.0423,0.04297,0.04223,0.04277,1332033.0
2025-09-10 02:30:00,0.04277,0.04304,0.04257,0.04262,1348783.0
2025-09-10 03:00:00,0.04263,0.04295,0.04241,0.04272,893463.0
2025-09-10 03:30:00,0.04271,0.04308,0.04252,0.04295,2474635.0
2025-09-10 04:00:00,0.04294,0.04345,0.04283,0.04345,1634027.0
2025-09-10 04:30:00,0.0434,0.04371,0.04275,0.04359,2595415.0
2025-09-10 05:00:00,0.04357,0.04369,0.04279,0.04279,1539537.0
2025-09-10 05:30:00,0.04282,0.04327,0.04245,0.04294,2809820.0
2025-09-10 06:00:00,0.04293,0.04293,0.04214,0.04227,1640818.0
2025-09-10 06:30:00,0.0423,0.04241,0.04209,0.04219,866258.0
2025-09-10 07:00:00,0.04221,0.04259,0.04214,0.04247,689920.0
2025-09-10 07:30:00,0.04253,0.04271,0.04156,0.0422,3440593.0
2025-09-10 08:00:00,0.04218,0.04221,0.04149,0.04181,2334401.0
2025-09-10 08:30:00,0.0418,0.042,0.0416,0.04169,1552479.0
2025-09-10 09:00:00,0.04166,0.04171,0.04134,0.04156,754797.0
2025-09-10 09:30:00,0.04154,0.04261,0.04083,0.04253,8963693.0
2025-09-10 10:00:00,0.04248,0.04262,0.04161,0.04184,2392272.0
2025-09-10 10:30:00,0.04187,0.04297,0.04186,0.04256,4723233.0
2025-09-10 11:00:00,0.04255,0.04464,0.04253,0.04445,8942347.0
2025-09-10 11:30:00,0.04448,0.04457,0.04266,0.04268,4245364.0
2025-09-10 12:00:00,0.0427,0.04349,0.04263,0.04312,1799581.0
2025-09-10 12:30:00,0.04309,0.04389,0.04306,0.04381,3300380.0
2025-09-10 13:00:00,0.04376,0.0441,0.04319,0.04379,3424529.0
2025-09-10 13:30:00,0.04375,0.04386,0.04331,0.04351,1027576.0
2025-09-10 14:00:00,0.04351,0.04479,0.0431,0.04437,4303825.0
2025-09-10 14:30:00,0.04434,0.04504,0.04415,0.04469,2839146.0
2025-09-10 15:00:00,0.04471,0.04528,0.04456,0.04495,4008005.0
2025-09-10 15:30:00,0.04488,0.04511,0.04436,0.04445,2541289.0
2025-09-10 16:00:00,0.04444,0.04526,0.04442,0.04503,2490063.0
2025-09-10 16:30:00,0.04499,0.04706,0.04469,0.04605,5798937.0
2025-09-10 17:00:00,0.04606,0.04741,0.04539,0.04699,10275433.0
2025-09-10 17:30:00,0.04692,0.04829,0.04533,0.04567,13211975.0
2025-09-10 18:00:00,0.04565,0.04639,0.045,0.04616,4643883.0
2025-09-10 18:30:00,0.04614,0.047,0.04585,0.04665,3501310.0
2025-09-10 19:00:00,0.04663,0.04666,0.0454,0.04559,1666380.0
2025-09-10 19:30:00,0.04559,0.04625,0.04506,0.04527,4069565.0
2025-09-10 20:00:00,0.04526,0.046,0.04515,0.0459,2368678.0
2025-09-10 20:30:00,0.04586,0.04689,0.04581,0.04641,1851464.0
2025-09-10 21:00:00,0.04643,0.04646,0.04552,0.0456,2053926.0
2025-09-10 21:30:00,0.04568,0.04604,0.04543,0.04567,1076185.0
2025-09-10 22:00:00,0.04566,0.04571,0.0451,0.04554,1489549.0
2025-09-10 22:30:00,0.04558,0.04651,0.04493,0.04615,2388816.0
2025-09-10 23:00:00,0.04616,0.04669,0.04602,0.04632,966394.0
2025-09-10 23:30:00,0.04627,0.04665,0.04627,0.04647,775860.0
2025-09-11 00:00:00,0.04642,0.0466,0.0455,0.04551,1975682.0
2025-09-11 00:30:00,0.04551,0.04615,0.04551,0.0458,1118888.0
2025-09-11 01:00:00,0.04576,0.04594,0.04509,0.04528,1498412.0
2025-09-11 01:30:00,0.04528,0.04559,0.04462,0.04499,1900070.0
2025-09-11 02:00:00,0.04498,0.04617,0.04496,0.04549,3071640.0
2025-09-11 02:30:00,0.04545,0.04545,0.04463,0.04474,1281724.0
2025-09-11 03:00:00,0.04475,0.04503,0.04447,0.04453,1245042.0
2025-09-11 03:30:00,0.04453,0.04513,0.04391,0.04492,2944165.0
2025-09-11 04:00:00,0.04489,0.04502,0.04422,0.04424,1008782.0
2025-09-11 04:30:00,0.04423,0.0444,0.044,0.04439,1968531.0
2025-09-11 05:00:00,0.04437,0.04444,0.04391,0.04433,1585359.0
2025-09-11 05:30:00,0.04435,0.04518,0.04427,0.0449,2157003.0
2025-09-11 06:00:00,0.04489,0.04504,0.04458,0.04488,1026324.0
2025-09-11 06:30:00,0.04489,0.04509,0.04471,0.0449,1209550.0
2025-09-11 07:00:00,0.04486,0.04499,0.0447,0.04494,914382.0
2025-09-11 07:30:00,0.04492,0.04504,0.04459,0.04481,747544.0
2025-09-11 08:00:00,0.04481,0.04492,0.04454,0.04477,1183315.0
2025-09-11 08:30:00,0.04477,0.04496,0.04468,0.04489,1103295.0
2025-09-11 09:00:00,0.04487,0.04511,0.04484,0.04495,2710863.0
2025-09-11 09:30:00,0.04492,0.04518,0.04469,0.04476,2997950.0
2025-09-11 10:00:00,0.04473,0.04787,0.04437,0.04587,12000503.0
2025-09-11 10:30:00,0.0459,0.04716,0.04513,0.04669,9359271.0
2025-09-11 11:00:00,0.04675,0.04692,0.04551,0.04593,6053521.0
2025-09-11 11:30:00,0.04589,0.04888,0.04557,0.04662,22961308.0
2025-09-11 12:00:00,0.04658,0.04671,0.0455,0.04634,5449518.0
2025-09-11 12:30:00,0.04637,0.04639,0.04361,0.04543,11662970.0
2025-09-11 13:00:00,0.04547,0.04551,0.04415,0.04488,8440806.0
2025-09-11 13:30:00,0.04488,0.04614,0.04465,0.04611,3444362.0
2025-09-11 14:00:00,0.04605,0.04654,0.04508,0.04531,3696194.0
2025-09-11 14:30:00,0.04535,0.04605,0.04535,0.04589,1009002.0
2025-09-11 15:00:00,0.04585,0.04587,0.04497,0.04499,2572242.0
2025-09-11 15:30:00,0.045,0.04506,0.04401,0.04407,2933814.0
2025-09-11 16:00:00,0.04407,0.04535,0.044,0.04513,3035311.0
2025-09-11 16:30:00,0.04513,0.04542,0.04465,0.04498,1704179.0
2025-09-11 17:00:00,0.04498,0.04508,0.04475,0.04486,505726.0
2025-09-11 17:30:00,0.04487,0.04747,0.04484,0.04711,20772733.0
2025-09-11 18:00:00,0.04711,0.0535,0.04679,0.04767,90392495.0
2025-09-11 18:30:00,0.04764,0.04856,0.04756,0.04793,9633488.0
2025-09-11 19:00:00,0.04788,0.05882,0.04761,0.05697,96684391.0
2025-09-11 19:30:00,0.05697,0.05703,0.05233,0.05441,62384329.0
2025-09-11 20:00:00,0.05441,0.05777,0.05439,0.05722,52674659.0
2025-09-11 20:30:00,0.05727,0.06291,0.05714,0.05904,111308069.0
2025-09-11 21:00:00,0.05902,0.06583,0.05893,0.06484,137481353.0
2025-09-11 21:30:00,0.06489,0.07125,0.06375,0.07078,199806277.0
2025-09-11 22:00:00,0.07091,0.07656,0.05922,0.06483,273054160.0
2025-09-11 22:30:00,0.06481,0.06481,0.05888,0.05928,85510947.0
2025-09-11 23:00:00,0.05925,0.05997,0.05602,0.05839,93339326.0
2025-09-11 23:30:00,0.05835,0.05921,0.05622,0.05674,43496813.0
2025-09-12 00:00:00,0.05677,0.05789,0.05496,0.05685,52232284.0
2025-09-12 00:30:00,0.05686,0.05706,0.05469,0.05577,39974197.0
2025-09-12 01:00:00,0.05579,0.05667,0.05507,0.05638,27170034.0
2025-09-12 01:30:00,0.05633,0.05768,0.05289,0.05406,58413669.0
2025-09-12 02:00:00,0.05407,0.05473,0.05318,0.05449,23245924.0
2025-09-12 02:30:00,0.05451,0.05555,0.05445,0.05505,20471704.0
2025-09-12 03:00:00,0.05502,0.05649,0.05391,0.05533,35474760.0
2025-09-12 03:30:00,0.05529,0.05535,0.05386,0.05473,16893090.0
2025-09-12 04:00:00,0.05472,0.05784,0.05007,0.05041,114877578.0
2025-09-12 04:30:00,0.05042,0.05091,0.04804,0.05067,52348334.0
2025-09-12 05:00:00,0.05068,0.05078,0.04898,0.04917,16904980.0
2025-09-12 05:30:00,0.04917,0.04973,0.04755,0.04843,23451785.0
2025-09-12 06:00:00,0.04843,0.04956,0.04808,0.04915,17581888.0
2025-09-12 06:30:00,0.04916,0.04951,0.04876,0.04947,8897854.0
2025-09-12 07:00:00,0.04946,0.04993,0.04882,0.04963,10131133.0
2025-09-12 07:30:00,0.04962,0.05066,0.04922,0.05023,10560749.0
2025-09-12 08:00:00,0.05023,0.05027,0.049,0.04974,12236105.0
2025-09-12 08:30:00,0.04974,0.05022,0.04935,0.04991,7265431.0
2025-09-12 09:00:00,0.04991,0.05042,0.04944,0.05022,8493704.0
2025-09-12 09:30:00,0.05025,0.05098,0.04979,0.0501,13085459.0
2025-09-12 10:00:00,0.0501,0.05028,0.0492,0.04962,8820594.0
2025-09-12 10:30:00,0.0496,0.05029,0.04869,0.04995,9322737.0
2025-09-12 11:00:00,0.04994,0.05038,0.04944,0.04966,7717260.0
2025-09-12 11:30:00,0.04966,0.04996,0.04915,0.04922,4895597.0
2025-09-12 12:00:00,0.04921,0.04971,0.04918,0.04946,5543222.0
2025-09-12 12:30:00,0.04947,0.04985,0.04921,0.0493,3890198.0
2025-09-12 13:00:00,0.04929,0.04976,0.04919,0.04941,4957325.0
2025-09-12 13:30:00,0.04941,0.05029,0.04938,0.05018,4931483.0
2025-09-12 14:00:00,0.05017,0.05047,0.04965,0.0502,7016177.0
2025-09-12 14:30:00,0.05022,0.05063,0.05015,0.05046,4524377.0
2025-09-12 15:00:00,0.05046,0.05581,0.05,0.05434,77678528.0
2025-09-12 15:30:00,0.05439,0.05756,0.05286,0.05426,85459762.0
2025-09-12 16:00:00,0.05429,0.05575,0.05356,0.05479,27396966.0
2025-09-12 16:30:00,0.05479,0.05518,0.05377,0.05408,10880908.0
2025-09-12 17:00:00,0.05407,0.05457,0.05332,0.05351,12594327.0
2025-09-12 17:30:00,0.0535,0.05359,0.0511,0.05245,20113670.0
2025-09-12 18:00:00,0.05246,0.05814,0.05219,0.0555,48297599.0
2025-09-12 18:30:00,0.05548,0.09,0.05529,0.08925,340402548.0
2025-09-12 19:00:00,0.08937,0.09596,0.07825,0.08941,308696489.0
2025-09-12 19:30:00,0.08942,0.09666,0.08301,0.08989,134193586.0
2025-09-12 20:00:00,0.08985,0.09227,0.07843,0.07964,114211920.0
2025-09-12 20:30:00,0.07966,0.09016,0.07931,0.08197,86638368.0
2025-09-12 21:00:00,0.08197,0.0953,0.081,0.09486,86071013.0
2025-09-12 21:30:00,0.09493,0.10184,0.09132,0.09732,82508527.0
2025-09-12 22:00:00,0.09737,0.09777,0.09232,0.09371,37075717.0
2025-09-12 22:30:00,0.09371,0.09449,0.08961,0.09096,23802099.0
2025-09-12 23:00:00,0.091,0.09156,0.08171,0.08538,41747596.0
2025-09-12 23:30:00,0.08537,0.11733,0.08503,0.11117,225030546.0
2025-09-13 00:00:00,0.11118,0.15788,0.11096,0.12107,266683408.0
2025-09-13 00:30:00,0.12111,0.12991,0.11014,0.12208,102578760.0
2025-09-13 01:00:00,0.12208,0.14,0.12134,0.12982,107457115.0
2025-09-13 01:30:00,0.12982,0.13047,0.10434,0.1122,138435583.0
2025-09-13 02:00:00,0.11215,0.11839,0.10735,0.11715,80605781.0
2025-09-13 02:30:00,0.11723,0.11751,0.08,0.08746,189935822.0
2025-09-13 03:00:00,0.08752,0.09137,0.08154,0.08796,88165499.0
2025-09-13 03:30:00,0.08796,0.08994,0.08557,0.08821,38475469.0
2025-09-13 04:00:00,0.08817,0.09226,0.08601,0.09161,52072183.0
2025-09-13 04:30:00,0.09158,0.09167,0.08716,0.09132,47811483.0
2025-09-13 05:00:00,0.09131,0.09993,0.09019,0.09475,80235904.0
2025-09-13 05:30:00,0.0948,0.1044,0.0946,0.09867,104645085.0
2025-09-13 06:00:00,0.09869,0.1052,0.09736,0.09866,65571691.0
2025-09-13 06:30:00,0.09866,0.10699,0.098,0.09975,93423330.0
2025-09-13 07:00:00,0.09974,0.10317,0.084,0.09155,123905197.0
2025-09-13 07:30:00,0.09154,0.09303,0.08788,0.0903,57398333.0
2025-09-13 08:00:00,0.0903,0.09359,0.09019,0.09143,41032995.0
2025-09-13 08:30:00,0.09142,0.09344,0.09036,0.09283,24093683.0
2025-09-13 09:00:00,0.09279,0.095,0.088,0.09098,39605276.0
2025-09-13 09:30:00,0.09094,0.09284,0.0895,0.09162,24475072.0
2025-09-13 10:00:00,0.09161,0.09289,0.08968,0.09243,22739172.0
2025-09-13 10:30:00,0.09248,0.09264,0.08963,0.09107,21498750.0
2025-09-13 11:00:00,0.09102,0.09607,0.08913,0.09464,40964398.0
2025-09-13 11:30:00,0.09464,0.09647,0.09053,0.09162,41474533.0
2025-09-13 12:00:00,0.09163,0.09224,0.0894,0.09193,24916670.0
2025-09-13 12:30:00,0.09193,0.09206,0.08615,0.08859,44378762.0
2025-09-13 13:00:00,0.08859,0.09043,0.08709,0.08953,30456327.0
2025-09-13 13:30:00,0.08949,0.09043,0.0858,0.09043,39530084.0
2025-09-13 14:00:00,0.0904,0.09643,0.08903,0.09449,87180572.0
2025-09-13 14:30:00,0.09449,0.0986,0.09067,0.09663,86882491.0
2025-09-13 15:00:00,0.09663,0.1024,0.09153,0.09375,98438363.0
2025-09-13 15:30:00,0.09379,0.09469,0.08755,0.09018,47141771.0
2025-09-13 16:00:00,0.09019,0.09149,0.08704,0.09041,39848507.0
2025-09-13 16:30:00,0.09045,0.093,0.08892,0.09267,20236677.0
2025-09-13 17:00:00,0.09263,0.09628,0.09104,0.09576,38327333.0
2025-09-13 17:30:00,0.09568,0.09604,0.09411,0.09516,21157655.0
2025-09-13 18:00:00,0.09517,0.10494,0.09432,0.10299,80606953.0
2025-09-13 18:30:00,0.10292,0.10599,0.09507,0.09681,79134022.0
2025-09-13 19:00:00,0.09678,0.09741,0.09067,0.09344,35770310.0
2025-09-13 19:30:00,0.09335,0.09405,0.09179,0.09239,14872124.0
2025-09-13 20:00:00,0.09246,0.09408,0.09099,0.09186,14231550.0
2025-09-13 20:30:00,0.09197,0.09209,0.08951,0.0911,16268075.0
2025-09-13 21:00:00,0.09108,0.09252,0.09027,0.09041,12324660.0
2025-09-13 21:30:00,0.09047,0.0918,0.08928,0.09039,9114659.0
2025-09-13 22:00:00,0.09034,0.09249,0.08905,0.09171,9780441.0
2025-09-13 22:30:00,0.09171,0.09197,0.09043,0.09133,6994209.0
2025-09-13 23:00:00,0.09133,0.09165,0.08978,0.09032,7405495.0
2025-09-13 23:30:00,0.09034,0.0914,0.08947,0.09046,7843423.0
2025-09-14 00:00:00,0.09046,0.09341,0.09046,0.09177,14033866.0
2025-09-14 00:30:00,0.09176,0.11669,0.09089,0.11124,115356012.0
2025-09-14 01:00:00,0.11127,0.11146,0.10157,0.10451,52258562.0
2025-09-14 01:30:00,0.10459,0.10826,0.10246,0.10471,22210258.0
2025-09-14 02:00:00,0.10471,0.10567,0.1029,0.10525,10937921.0
2025-09-14 02:30:00,0.10525,0.1053,0.10183,0.10297,12123303.0
2025-09-14 03:00:00,0.10301,0.10335,0.09815,0.10234,21845904.0
2025-09-14 03:30:00,0.10234,0.1106,0.10221,0.11031,26288529.0
2025-09-14 04:00:00,0.11021,0.11027,0.1051,0.10815,19754583.0
2025-09-14 04:30:00,0.10812,0.10848,0.10441,0.10743,16611209.0
2025-09-14 05:00:00,0.10742,0.10912,0.10566,0.10699,12710285.0
2025-09-14 05:30:00,0.10706,0.11372,0.10706,0.11079,21414857.0
2025-09-14 06:00:00,0.11073,0.11116,0.10635,0.10702,17500713.0
2025-09-14 06:30:00,0.10702,0.10841,0.10554,0.10804,11576806.0
2025-09-14 07:00:00,0.10799,0.11156,0.10661,0.10918,18927972.0
2025-09-14 07:30:00,0.10914,0.11399,0.1083,0.11262,28503841.0
2025-09-14 08:00:00,0.11251,0.128,0.11238,0.12344,88234770.0
2025-09-14 08:30:00,0.12328,0.12947,0.11884,0.12016,52408321.0
2025-09-14 09:00:00,0.12025,0.12381,0.11514,0.11701,33789611.0
2025-09-14 09:30:00,0.11699,0.11957,0.11562,0.11859,16241165.0
2025-09-14 10:00:00,0.11855,0.12138,0.11625,0.12016,22130570.0
2025-09-14 10:30:00,0.12011,0.12659,0.12005,0.12421,38760261.0
2025-09-14 11:00:00,0.12422,0.144,0.1241,0.13813,119162065.0
2025-09-14 11:30:00,0.13811,0.14437,0.13289,0.14028,101349377.0
2025-09-14 12:00:00,0.14029,0.1505,0.13846,0.14793,110194433.0
2025-09-14 12:30:00,0.1479,0.14976,0.126,0.1281,118855942.0
2025-09-14 13:00:00,0.12816,0.135,0.12638,0.13331,47919847.0
2025-09-14 13:30:00,0.13327,0.13408,0.12681,0.12724,37016550.0
2025-09-14 14:00:00,0.12733,0.137,0.12723,0.13012,46720198.0
2025-09-14 14:30:00,0.13012,0.13067,0.11875,0.12474,42295447.0
2025-09-14 15:00:00,0.12473,0.12539,0.11731,0.11966,52309346.0
2025-09-14 15:30:00,0.11962,0.12118,0.11595,0.11796,18050703.0
2025-09-14 16:00:00,0.11789,0.1219,0.11364,0.1154,34566210.0
2025-09-14 16:30:00,0.11545,0.11667,0.11014,0.1107,25409305.0
2025-09-14 17:00:00,0.11062,0.11128,0.10507,0.10875,30525025.0
2025-09-14 17:30:00,0.10872,0.10872,0.10261,0.10367,18438182.0
2025-09-14 18:00:00,0.10367,0.10367,0.09294,0.09357,49465762.0
2025-09-14 18:30:00,0.0936,0.0945,0.09102,0.09375,23223599.0
2025-09-14 19:00:00,0.09377,0.09769,0.09367,0.09684,16894366.0
2025-09-14 19:30:00,0.09687,0.09721,0.09209,0.09312,13962795.0
2025-09-14 20:00:00,0.09315,0.09536,0.09201,0.09487,10600259.0
2025-09-14 20:30:00,0.09487,0.09505,0.0913,0.09212,9490553.0
2025-09-14 21:00:00,0.09212,0.09459,0.09143,0.09357,9926463.0
2025-09-14 21:30:00,0.09353,0.09735,0.09342,0.09577,10494005.0
2025-09-14 22:00:00,0.09578,0.09647,0.09473,0.09603,8128398.0
2025-09-14 22:30:00,0.09599,0.09789,0.09589,0.09689,10084561.0
2025-09-14 23:00:00,0.09691,0.09691,0.09298,0.09323,11544394.0
2025-09-14 23:30:00,0.09326,0.09669,0.09246,0.09625,12474029.0
2025-09-15 00:00:00,0.0962,0.10115,0.096,0.09982,22991702.0
2025-09-15 00:30:00,0.09982,0.10295,0.09775,0.10083,19568128.0
2025-09-15 01:00:00,0.10077,0.10373,0.09916,0.10167,13760692.0
2025-09-15 01:30:00,0.10166,0.10368,0.10121,0.10156,9354755.0
2025-09-15 02:00:00,0.10151,0.10244,0.09947,0.09984,8053929.0
2025-09-15 02:30:00,0.09984,0.10109,0.09905,0.10072,8311141.0
2025-09-15 03:00:00,0.10066,0.1023,0.09992,0.10069,5256584.0
2025-09-15 03:30:00,0.10068,0.10081,0.09944,0.10019,4133475.0
2025-09-15 04:00:00,0.10019,0.10107,0.09966,0.10025,5687315.0
2025-09-15 04:30:00,0.10022,0.10297,0.09999,0.10052,8764424.0
2025-09-15 05:00:00,0.10054,0.10264,0.10022,0.10037,8031050.0
2025-09-15 05:30:00,0.10037,0.10204,0.10011,0.10098,6506168.0
2025-09-15 06:00:00,0.101,0.10113,0.09925,0.1002,7203313.0
2025-09-15 06:30:00,0.10024,0.10111,0.09445,0.09723,29358906.0
2025-09-15 07:00:00,0.09722,0.09764,0.09479,0.09698,12049523.0
2025-09-15 07:30:00,0.09694,0.09694,0.09281,0.09358,13746391.0
2025-09-15 08:00:00,0.0936,0.09485,0.09155,0.09267,15470787.0
2025-09-15 08:30:00,0.0927,0.09448,0.09265,0.09323,7688314.0
2025-09-15 09:00:00,0.09323,0.09563,0.09272,0.0941,9714517.0
2025-09-15 09:30:00,0.09406,0.09589,0.09392,0.09562,6259185.0
2025-09-15 10:00:00,0.09562,0.0959,0.09321,0.09336,6721682.0
2025-09-15 10:30:00,0.09336,0.09513,0.09255,0.09467,6539152.0
2025-09-15 11:00:00,0.09461,0.0959,0.09421,0.09488,6054254.0
2025-09-15 11:30:00,0.09488,0.09551,0.09323,0.09465,4872871.0
2025-09-15 12:00:00,0.09465,0.10194,0.09426,0.1009,15224238.0
2025-09-15 12:30:00,0.10091,0.10121,0.09827,0.09842,24196318.0
2025-09-15 13:00:00,0.09848,0.09961,0.0957,0.0971,11318725.0
2025-09-15 13:30:00,0.0971,0.0974,0.09458,0.09522,11906699.0
2025-09-15 14:00:00,0.09528,0.09638,0.09178,0.0955,18377162.0
2025-09-15 14:30:00,0.09549,0.09567,0.09111,0.09329,10362933.0
2025-09-15 15:00:00,0.09324,0.09958,0.09292,0.09739,17602160.0
2025-09-15 15:30:00,0.09736,0.09916,0.09585,0.09636,9291791.0
2025-09-15 16:00:00,0.0963,0.09656,0.09274,0.09336,9712893.0
2025-09-15 16:30:00,0.09333,0.09513,0.08671,0.08768,22970589.0
2025-09-15 17:00:00,0.08764,0.09406,0.08709,0.0935,20905974.0
2025-09-15 17:30:00,0.09351,0.0994,0.09248,0.09897,14186803.0
2025-09-15 18:00:00,0.09896,0.10064,0.09205,0.09262,20524315.0
2025-09-15 18:30:00,0.09261,0.0991,0.09249,0.0972,13625108.0
2025-09-15 19:00:00,0.0972,0.09986,0.09242,0.09542,18243152.0
2025-09-15 19:30:00,0.09542,0.0961,0.09428,0.09508,5028987.0
2025-09-15 20:00:00,0.09507,0.09698,0.09457,0.09588,3779300.0
2025-09-15 20:30:00,0.09587,0.09626,0.09477,0.09502,3744914.0
2025-09-15 21:00:00,0.09505,0.09637,0.0945,0.0954,3144671.0
2025-09-15 21:30:00,0.09542,0.09604,0.09453,0.0949,1871794.0
2025-09-15 22:00:00,0.09491,0.0975,0.09378,0.09575,5550861.0
2025-09-15 22:30:00,0.09569,0.09593,0.09413,0.09557,3817570.0
2025-09-15 23:00:00,0.09558,0.09682,0.09522,0.0962,4552033.0
2025-09-15 23:30:00,0.09619,0.09631,0.09416,0.09464,3371795.0
2025-09-16 00:00:00,0.09465,0.0963,0.09431,0.09514,7096317.0
2025-09-16 00:30:00,0.09514,0.09668,0.09466,0.09622,5135184.0
2025-09-16 01:00:00,0.09622,0.0975,0.09469,0.09542,5423815.0
2025-09-16 01:30:00,0.09537,0.09545,0.09413,0.09512,3080398.0
2025-09-16 02:00:00,0.09506,0.09608,0.09477,0.09523,2058564.0
2025-09-16 02:30:00,0.09521,0.09904,0.09378,0.09676,12780693.0
2025-09-16 03:00:00,0.09678,0.10016,0.09555,0.09825,16597262.0
2025-09-16 03:30:00,0.09826,0.09892,0.0963,0.09785,5267458.0
2025-09-16 04:00:00,0.09785,0.09828,0.09429,0.0978,8800138.0
2025-09-16 04:30:00,0.0978,0.09962,0.0959,0.09645,6542158.0
2025-09-16 05:00:00,0.09652,0.09654,0.0952,0.09593,2985407.0
2025-09-16 05:30:00,0.09585,0.09618,0.09501,0.09541,1919345.0
2025-09-16 06:00:00,0.09535,0.09636,0.09429,0.0949,4878825.0
2025-09-16 06:30:00,0.0949,0.09574,0.09336,0.09506,6269888.0
2025-09-16 07:00:00,0.09513,0.09557,0.09383,0.09537,2371860.0
2025-09-16 07:30:00,0.09541,0.09546,0.09358,0.09416,2578309.0
2025-09-16 08:00:00,0.09416,0.09488,0.09387,0.09432,2389217.0
2025-09-16 08:30:00,0.09429,0.09538,0.09413,0.09526,1474821.0
2025-09-16 09:00:00,0.09528,0.09541,0.09391,0.09446,2263689.0
2025-09-16 09:30:00,0.09439,0.09498,0.09273,0.093,3927696.0
2025-09-16 10:00:00,0.093,0.09413,0.09096,0.09287,7166959.0
2025-09-16 10:30:00,0.09288,0.0931,0.09221,0.09229,1946418.0
2025-09-16 11:00:00,0.09229,0.09311,0.0915,0.09253,4538324.0
2025-09-16 11:30:00,0.09258,0.09301,0.09176,0.09176,1753256.0
2025-09-16 12:00:00,0.09182,0.0928,0.09176,0.09228,2287416.0
2025-09-16 12:30:00,0.09224,0.09327,0.09209,0.093,3220746.0
2025-09-16 13:00:00,0.09293,0.09459,0.09207,0.09394,6018002.0
2025-09-16 13:30:00,0.09397,0.09404,0.09175,0.09206,3596604.0
2025-09-16 14:00:00,0.09207,0.09219,0.08965,0.09099,7893955.0
2025-09-16 14:30:00,0.091,0.09103,0.08928,0.09035,4448222.0
2025-09-16 15:00:00,0.09034,0.09438,0.08995,0.09216,9219337.0
2025-09-16 15:30:00,0.09214,0.09266,0.09107,0.09159,4066502.0
2025-09-16 16:00:00,0.09166,0.09166,0.08863,0.08999,7154233.0
2025-09-16 16:30:00,0.09001,0.0904,0.0891,0.0895,1867857.0
2025-09-16 17:00:00,0.0895,0.09104,0.08937,0.09003,3606534.0
2025-09-16 17:30:00,0.09002,0.09069,0.0891,0.08933,4112456.0
2025-09-16 18:00:00,0.08932,0.08932,0.08868,0.08893,1881407.0
2025-09-16 18:30:00,0.08893,0.09036,0.08867,0.09017,2057550.0
2025-09-16 19:00:00,0.09022,0.09025,0.08927,0.08977,1769094.0
2025-09-16 19:30:00,0.08982,0.09208,0.08968,0.09081,3474445.0
2025-09-16 20:00:00,0.09081,0.09201,0.09058,0.09128,2617161.0
2025-09-16 20:30:00,0.09126,0.0925,0.09075,0.0922,2981975.0
2025-09-16 21:00:00,0.09221,0.09222,0.09042,0.09106,2046584.0
2025-09-16 21:30:00,0.09105,0.09138,0.09034,0.09042,1286019.0
2025-09-16 22:00:00,0.09044,0.09052,0.08939,0.0899,2511397.0
2025-09-16 22:30:00,0.08991,0.09043,0.08943,0.08985,1023781.0
2025-09-16 23:00:00,0.08981,0.08999,0.0885,0.08882,3119060.0
2025-09-16 23:30:00,0.08882,0.08888,0.08839,0.0887,1356012.0
2025-09-17 00:00:00,0.08873,0.08896,0.08802,0.08808,2051207.0
2025-09-17 00:30:00,0.08806,0.08823,0.0867,0.08678,6344979.0
2025-09-17 01:00:00,0.08677,0.11665,0.0867,0.11482,145041696.0
2025-09-17 01:30:00,0.11476,0.12141,0.10891,0.11593,60854942.0
2025-09-17 02:00:00,0.11596,0.12485,0.114,0.12238,54831975.0
2025-09-17 02:30:00,0.12239,0.12985,0.11916,0.12335,50237680.0
2025-09-17 03:00:00,0.1234,0.12721,0.11931,0.1223,31703569.0
2025-09-17 03:30:00,0.12231,0.12258,0.08758,0.09325,141715553.0
2025-09-17 04:00:00,0.09318,0.0985,0.09176,0.09412,34960442.0
2025-09-17 04:30:00,0.09417,0.09597,0.09127,0.09364,22625636.0
2025-09-17 05:00:00,0.09365,0.09524,0.09322,0.09416,10320113.0
2025-09-17 05:30:00,0.09418,0.0958,0.09407,0.09497,6466469.0
2025-09-17 06:00:00,0.09494,0.09508,0.09215,0.09246,10942571.0
2025-09-17 06:30:00,0.09247,0.09512,0.09243,0.09496,4481584.0
2025-09-17 07:00:00,0.09496,0.09501,0.09281,0.09423,4480399.0
2025-09-17 07:30:00,0.09422,0.09434,0.09299,0.09357,3579189.0
2025-09-17 08:00:00,0.09355,0.0965,0.09168,0.09357,15432885.0
2025-09-17 08:30:00,0.09357,0.09435,0.09322,0.09342,3015431.0
2025-09-17 09:00:00,0.09342,0.09508,0.09324,0.09495,3820484.0
2025-09-17 09:30:00,0.09496,0.09519,0.09354,0.09361,3655188.0
2025-09-17 10:00:00,0.09356,0.09552,0.0935,0.09534,3870203.0
2025-09-17 10:30:00,0.09531,0.10624,0.09525,0.10599,52737661.0
2025-09-17 11:00:00,0.10582,0.10625,0.09866,0.10312,37517241.0
2025-09-17 11:30:00,0.10303,0.10464,0.09924,0.1015,17741614.0
2025-09-17 12:00:00,0.10152,0.11301,0.10122,0.10686,56900446.0
2025-09-17 12:30:00,0.10687,0.11036,0.10052,0.10205,31646668.0
2025-09-17 13:00:00,0.10206,0.10833,0.10166,0.10722,19694518.0
2025-09-17 13:30:00,0.10716,0.10743,0.1023,0.10372,13914355.0
2025-09-17 14:00:00,0.10367,0.10412,0.1011,0.10345,12456730.0
2025-09-17 14:30:00,0.10345,0.10398,0.10212,0.10318,6614967.0
2025-09-17 15:00:00,0.10322,0.10513,0.10113,0.10377,13132307.0
2025-09-17 15:30:00,0.1038,0.10422,0.10192,0.10307,8489077.0
2025-09-17 16:00:00,0.10303,0.10499,0.10126,0.10473,8576972.0
2025-09-17 16:30:00,0.10477,0.10478,0.10157,0.10271,6399909.0
2025-09-17 17:00:00,0.10274,0.10541,0.10187,0.10407,7359542.0
2025-09-17 17:30:00,0.10407,0.10549,0.10142,0.10255,10006060.0
2025-09-17 18:00:00,0.10163,0.10588,0.1014,0.10527,12990115.0
2025-09-17 18:30:00,0.10527,0.10529,0.1035,0.10493,4589854.0
2025-09-17 19:00:00,0.10495,0.10527,0.10268,0.10422,6511093.0
2025-09-17 19:30:00,0.1042,0.10468,0.10328,0.10389,3484406.0
2025-09-17 20:00:00,0.10389,0.10622,0.10377,0.10481,5830802.0
2025-09-17 20:30:00,0.10486,0.10559,0.10265,0.103,3949050.0
2025-09-17 21:00:00,0.10303,0.10535,0.10128,0.1045,5664785.0
2025-09-17 21:30:00,0.10451,0.10581,0.10401,0.10485,2543194.0
2025-09-17 22:00:00,0.10485,0.10734,0.10451,0.10542,6640339.0
2025-09-17 22:30:00,0.1054,0.10543,0.10371,0.10484,2876844.0
2025-09-17 23:00:00,0.10482,0.10575,0.10432,0.10468,3636803.0
2025-09-17 23:30:00,0.10471,0.10512,0.10392,0.10441,2727802.0
2025-09-18 00:00:00,0.10442,0.10695,0.10342,0.10513,11194988.0
2025-09-18 00:30:00,0.10511,0.10793,0.10507,0.10673,9295738.0
2025-09-18 01:00:00,0.10675,0.10697,0.10549,0.10601,4370184.0
2025-09-18 01:30:00,0.10599,0.10621,0.10376,0.10407,4925916.0
2025-09-18 02:00:00,0.1041,0.1056,0.1041,0.10513,3728841.0
2025-09-18 02:30:00,0.1051,0.10551,0.10448,0.105,2146914.0
2025-09-18 03:00:00,0.10498,0.10575,0.10453,0.10557,2917064.0
2025-09-18 03:30:00,0.10556,0.1064,0.10421,0.10484,4818766.0
2025-09-18 04:00:00,0.10488,0.10578,0.10376,0.10505,4973336.0
2025-09-18 04:30:00,0.10507,0.10577,0.10443,0.10544,2124292.0
2025-09-18 05:00:00,0.10546,0.10551,0.10377,0.10445,2704531.0
2025-09-18 05:30:00,0.10446,0.10503,0.10431,0.10492,1480367.0
2025-09-18 06:00:00,0.10495,0.10548,0.1038,0.10418,2932735.0
2025-09-18 06:30:00,0.1042,0.10979,0.10401,0.10567,6243870.0
2025-09-18 07:00:00,0.10564,0.10586,0.10157,0.10382,9139172.0
2025-09-18 07:30:00,0.10381,0.1091,0.1038,0.1081,9012413.0
2025-09-18 08:00:00,0.10809,0.11228,0.10576,0.10774,16873889.0
2025-09-18 08:30:00,0.10774,0.10832,0.104,0.10531,8218558.0
2025-09-18 09:00:00,0.10526,0.10577,0.10469,0.10538,2356920.0
2025-09-18 09:30:00,0.1054,0.10576,0.1035,0.10469,3064777.0
2025-09-18 10:00:00,0.10465,0.10472,0.10119,0.10194,5082160.0
2025-09-18 10:30:00,0.10194,0.10278,0.09784,0.09948,8480851.0
2025-09-18 11:00:00,0.09947,0.10105,0.09863,0.10102,4099090.0
2025-09-18 11:30:00,0.101,0.1021,0.10058,0.10132,2084586.0
2025-09-18 12:00:00,0.10125,0.10235,0.10054,0.10211,3765369.0
2025-09-18 12:30:00,0.10209,0.10227,0.10117,0.10131,2298293.0
2025-09-18 13:00:00,0.10138,0.10138,0.09667,0.09837,8546366.0
2025-09-18 13:30:00,0.09836,0.09836,0.09362,0.0949,15331011.0
2025-09-18 14:00:00,0.09484,0.09947,0.0947,0.09891,8898650.0
2025-09-18 14:30:00,0.09891,0.09891,0.0971,0.09758,3134270.0
2025-09-18 15:00:00,0.09758,0.10012,0.09739,0.09931,6422609.0
2025-09-18 15:30:00,0.09934,0.10081,0.09873,0.10037,3447106.0
2025-09-18 16:00:00,0.10027,0.10114,0.09882,0.09932,3934073.0
2025-09-18 16:30:00,0.09941,0.09958,0.09682,0.09687,3733779.0
2025-09-18 17:00:00,0.09688,0.09752,0.09543,0.09716,3836869.0
2025-09-18 17:30:00,0.09716,0.0972,0.09602,0.09602,1489929.0
2025-09-18 18:00:00,0.09607,0.09749,0.09586,0.09702,2630829.0
2025-09-18 18:30:00,0.09701,0.09736,0.09602,0.09627,1433588.0
2025-09-18 19:00:00,0.09627,0.09688,0.0957,0.0957,1399950.0
2025-09-18 19:30:00,0.09573,0.09606,0.09512,0.09572,1778014.0
2025-09-18 20:00:00,0.0957,0.09606,0.09505,0.09525,1192812.0
2025-09-18 20:30:00,0.09525,0.09622,0.0952,0.0957,995821.0
2025-09-18 21:00:00,0.09574,0.09674,0.09558,0.09636,751387.0
2025-09-18 21:30:00,0.09641,0.09704,0.09587,0.097,1020575.0
2025-09-18 22:00:00,0.097,0.09737,0.09626,0.09672,2983030.0
2025-09-18 22:30:00,0.09677,0.09841,0.09671,0.09785,2030358.0
2025-09-18 23:00:00,0.09786,0.09795,0.0971,0.09748,2421738.0
2025-09-18 23:30:00,0.09748,0.09822,0.09727,0.09781,1536855.0
2025-09-19 00:00:00,0.0978,0.09925,0.09729,0.0981,2962359.0
2025-09-19 00:30:00,0.09809,0.09884,0.09668,0.09757,2457639.0
2025-09-19 01:00:00,0.09756,0.09766,0.09647,0.09696,1573959.0
2025-09-19 01:30:00,0.09694,0.09738,0.09651,0.09672,1491484.0
2025-09-19 02:00:00,0.09676,0.09713,0.09608,0.09649,2384347.0
2025-09-19 02:30:00,0.09656,0.09657,0.09568,0.09579,1119918.0
2025-09-19 03:00:00,0.09577,0.09655,0.09471,0.09513,2449094.0
2025-09-19 03:30:00,0.09514,0.09526,0.09278,0.09295,4476211.0
2025-09-19 04:00:00,0.09298,0.09399,0.0915,0.09378,4573466.0
2025-09-19 04:30:00,0.09378,0.09466,0.09327,0.09417,2941338.0
2025-09-19 05:00:00,0.09409,0.09409,0.09304,0.09342,1487241.0
2025-09-19 05:30:00,0.09337,0.09437,0.09334,0.09428,536249.0
2025-09-19 06:00:00,0.09428,0.09451,0.0937,0.09422,1203517.0
2025-09-19 06:30:00,0.09422,0.09448,0.09322,0.09357,1379478.0
2025-09-19 07:00:00,0.09357,0.09447,0.09339,0.0938,1401441.0
2025-09-19 07:30:00,0.09381,0.09408,0.09331,0.09359,1029290.0
2025-09-19 08:00:00,0.09359,0.09442,0.09342,0.09413,830543.0
2025-09-19 08:30:00,0.09416,0.09416,0.09336,0.09368,594521.0
2025-09-19 09:00:00,0.0937,0.09515,0.09351,0.09422,2321536.0
2025-09-19 09:30:00,0.09421,0.09511,0.09379,0.09401,2488635.0
2025-09-19 10:00:00,0.09401,0.09427,0.09317,0.09363,1585756.0
2025-09-19 10:30:00,0.09367,0.09494,0.09349,0.09444,1081457.0
2025-09-19 11:00:00,0.09444,0.09467,0.09301,0.09328,2418065.0
2025-09-19 11:30:00,0.09328,0.09378,0.09263,0.09281,2411814.0
2025-09-19 12:00:00,0.09279,0.09365,0.09258,0.09266,1296244.0
2025-09-19 12:30:00,0.09267,0.09363,0.09226,0.0935,1603940.0
2025-09-19 13:00:00,0.09347,0.09397,0.09321,0.09392,1022754.0
2025-09-19 13:30:00,0.09392,0.09404,0.09323,0.09337,1023502.0
2025-09-19 14:00:00,0.09331,0.09365,0.09324,0.09345,946913.0
2025-09-19 14:30:00,0.09342,0.0936,0.09234,0.09321,2399215.0
2025-09-19 15:00:00,0.09327,0.09335,0.0914,0.09313,4250201.0
2025-09-19 15:30:00,0.09312,0.09561,0.09306,0.09501,5475927.0
2025-09-19 16:00:00,0.09501,0.09603,0.09407,0.09477,1985894.0
2025-09-19 16:30:00,0.09475,0.09552,0.09439,0.09452,920650.0
2025-09-19 17:00:00,0.09452,0.09462,0.093,0.0933,1363877.0
2025-09-19 17:30:00,0.09328,0.09342,0.08815,0.0905,12491651.0
2025-09-19 18:00:00,0.09044,0.09683,0.08928,0.09385,18398668.0
2025-09-19 18:30:00,0.09385,0.09526,0.09282,0.09502,4190049.0
2025-09-19 19:00:00,0.09495,0.09571,0.0935,0.09374,2546065.0
2025-09-19 19:30:00,0.09376,0.09408,0.0932,0.0933,1371349.0
2025-09-19 20:00:00,0.09336,0.09411,0.09336,0.09373,967730.0
2025-09-19 20:30:00,0.09369,0.09397,0.09268,0.09304,1263761.0
2025-09-19 21:00:00,0.09307,0.09326,0.09245,0.09279,1350832.0
2025-09-19 21:30:00,0.09281,0.09397,0.09281,0.09312,475082.0
2025-09-19 22:00:00,0.09314,0.09384,0.09287,0.09299,486272.0
2025-09-19 22:30:00,0.09297,0.09322,0.09262,0.09321,516438.0
2025-09-19 23:00:00,0.09321,0.09326,0.09183,0.09243,1038043.0
2025-09-19 23:30:00,0.09244,0.09324,0.09226,0.09317,746111.0
2025-09-20 00:00:00,0.09318,0.0936,0.09248,0.09319,1137674.0
2025-09-20 00:30:00,0.09321,0.09399,0.09303,0.09362,1081454.0
2025-09-20 01:00:00,0.09362,0.09395,0.09328,0.09353,939131.0
2025-09-20 01:30:00,0.09359,0.09431,0.09328,0.0935,743077.0
2025-09-20 02:00:00,0.09344,0.09387,0.09215,0.09386,1760347.0
2025-09-20 02:30:00,0.09385,0.09397,0.09334,0.09374,345455.0
2025-09-20 03:00:00,0.09372,0.09392,0.09281,0.09307,540375.0
2025-09-20 03:30:00,0.09313,0.09365,0.09302,0.09318,612332.0
2025-09-20 04:00:00,0.09322,0.09335,0.09222,0.09236,584374.0
2025-09-20 04:30:00,0.09235,0.09236,0.09176,0.09184,752744.0
2025-09-20 05:00:00,0.09177,0.09279,0.09177,0.09256,1097675.0
2025-09-20 05:30:00,0.09256,0.09407,0.09253,0.09366,1251023.0
2025-09-20 06:00:00,0.09362,0.09412,0.09331,0.09373,1207894.0
2025-09-20 06:30:00,0.09382,0.09413,0.09276,0.09294,660775.0
2025-09-20 07:00:00,0.09293,0.09342,0.09222,0.0932,905909.0
2025-09-20 07:30:00,0.09316,0.09336,0.09246,0.09324,690846.0
2025-09-20 08:00:00,0.09309,0.09397,0.09278,0.0937,1926076.0
2025-09-20 08:30:00,0.0937,0.09384,0.09283,0.09321,1263664.0
2025-09-20 09:00:00,0.09321,0.09405,0.09309,0.09368,1567533.0
2025-09-20 09:30:00,0.09367,0.09403,0.09319,0.09373,1165189.0
2025-09-20 10:00:00,0.09376,0.09434,0.09352,0.09423,913462.0
2025-09-20 10:30:00,0.0943,0.0943,0.09367,0.09401,674726.0
2025-09-20 11:00:00,0.09401,0.09411,0.09357,0.09367,996743.0
2025-09-20 11:30:00,0.09373,0.09462,0.09317,0.09419,1222325.0
2025-09-20 12:00:00,0.09411,0.09415,0.09289,0.09311,862370.0
2025-09-20 12:30:00,0.09301,0.09427,0.09271,0.09408,1059040.0
2025-09-20 13:00:00,0.09409,0.09476,0.09385,0.09418,1116500.0
2025-09-20 13:30:00,0.09418,0.09466,0.09371,0.09392,648544.0
2025-09-20 14:00:00,0.09392,0.09426,0.09328,0.09364,922600.0
2025-09-20 14:30:00,0.09368,0.09427,0.09359,0.09397,338395.0
2025-09-20 15:00:00,0.09395,0.09397,0.09268,0.09328,1126592.0
2025-09-20 15:30:00,0.09328,0.09372,0.09316,0.09343,793198.0
2025-09-20 16:00:00,0.09344,0.09378,0.09225,0.09251,1159134.0
2025-09-20 16:30:00,0.09239,0.09333,0.09201,0.09268,1105816.0
2025-09-20 17:00:00,0.09265,0.09289,0.092,0.09223,926593.0
2025-09-20 17:30:00,0.09221,0.0924,0.09168,0.0922,665739.0
2025-09-20 18:00:00,0.0922,0.09247,0.09187,0.09233,530239.0
2025-09-20 18:30:00,0.09237,0.09245,0.09182,0.09223,711816.0
2025-09-20 19:00:00,0.09224,0.0932,0.09201,0.09317,579243.0
2025-09-20 19:30:00,0.09317,0.09321,0.09194,0.09227,1005017.0
2025-09-20 20:00:00,0.09234,0.09312,0.09177,0.09306,1002820.0
2025-09-20 20:30:00,0.09306,0.09314,0.09237,0.09256,926869.0
2025-09-20 21:00:00,0.09251,0.09291,0.0923,0.09275,581133.0
2025-09-20 21:30:00,0.09271,0.09291,0.09243,0.09259,372967.0
2025-09-20 22:00:00,0.0926,0.09277,0.09207,0.09223,664859.0
2025-09-20 22:30:00,0.09223,0.09245,0.0918,0.09201,482181.0
2025-09-20 23:00:00,0.09201,0.09217,0.09165,0.09209,380091.0
2025-09-20 23:30:00,0.0921,0.0921,0.09164,0.09197,457193.0
2025-09-21 00:00:00,0.09194,0.09283,0.09163,0.0926,1171879.0
2025-09-21 00:30:00,0.09258,0.09276,0.09233,0.09242,538867.0
2025-09-21 01:00:00,0.09242,0.09251,0.09175,0.09197,761616.0
2025-09-21 01:30:00,0.09196,0.09196,0.09166,0.09167,344415.0
2025-09-21 02:00:00,0.09167,0.09187,0.09012,0.09046,2979870.0
2025-09-21 02:30:00,0.09047,0.09731,0.09032,0.09555,12370316.0
2025-09-21 03:00:00,0.09554,0.10482,0.09439,0.10372,44804464.0
2025-09-21 03:30:00,0.10382,0.10881,0.10163,0.10378,17389656.0
2025-09-21 04:00:00,0.10385,0.10914,0.09783,0.1063,28911510.0
2025-09-21 04:30:00,0.10631,0.10737,0.1046,0.10476,7458162.0
2025-09-21 05:00:00,0.10491,0.10493,0.10106,0.10222,5986996.0
2025-09-21 05:30:00,0.10218,0.10302,0.10135,0.10242,4580508.0
2025-09-21 06:00:00,0.10244,0.10379,0.1,0.1025,4701756.0
2025-09-21 06:30:00,0.10238,0.10272,0.10122,0.1015,2682827.0
2025-09-21 07:00:00,0.10151,0.10172,0.0996,0.10095,3725378.0
2025-09-21 07:30:00,0.10095,0.10137,0.09997,0.10047,1934305.0
2025-09-21 08:00:00,0.10047,0.10164,0.10022,0.10145,2101337.0
2025-09-21 08:30:00,0.1015,0.10166,0.10068,0.10137,1505095.0
2025-09-21 09:00:00,0.10137,0.10154,0.09972,0.09996,3057363.0
2025-09-21 09:30:00,0.09995,0.1005,0.09929,0.09929,2162260.0
2025-09-21 10:00:00,0.09944,0.10051,0.09816,0.09845,2883846.0
2025-09-21 10:30:00,0.09848,0.13066,0.09826,0.13046,93089376.0
2025-09-21 11:00:00,0.13041,0.14679,0.1237,0.14162,178839197.0
2025-09-21 11:30:00,0.14174,0.15699,0.13448,0.1529,157445677.0
2025-09-21 12:00:00,0.15282,0.16897,0.1508,0.15973,208316784.0
2025-09-21 12:30:00,0.15968,0.16497,0.1431,0.15997,240822766.0
2025-09-21 13:00:00,0.15997,0.16666,0.15217,0.1591,126021446.0
2025-09-21 13:30:00,0.15909,0.1682,0.15009,0.15561,124031829.0
2025-09-21 14:00:00,0.15568,0.16204,0.15151,0.15717,70191613.0
2025-09-21 14:30:00,0.15719,0.1679,0.15404,0.1658,74567694.0
2025-09-21 15:00:00,0.16587,0.17692,0.15222,0.15602,156179426.0
2025-09-21 15:30:00,0.15603,0.15893,0.14752,0.15291,73458588.0
2025-09-21 16:00:00,0.15288,0.15546,0.14555,0.1496,83854948.0
2025-09-21 16:30:00,0.14959,0.16397,0.14821,0.15978,103088894.0
2025-09-21 17:00:00,0.15961,0.17197,0.155,0.15553,132683412.0
2025-09-21 17:30:00,0.15553,0.15967,0.1524,0.1577,45851200.0
2025-09-21 18:00:00,0.15776,0.16345,0.15325,0.1561,55047669.0
2025-09-21 18:30:00,0.15606,0.15849,0.15092,0.15322,43376122.0
2025-09-21 19:00:00,0.15323,0.15465,0.14801,0.15302,44899247.0
2025-09-21 19:30:00,0.15312,0.16326,0.15205,0.16073,52867651.0
2025-09-21 20:00:00,0.16078,0.16752,0.15727,0.16551,55793245.0
2025-09-21 20:30:00,0.16552,0.16761,0.15656,0.162,57541650.0
2025-09-21 21:00:00,0.16187,0.16734,0.15853,0.16305,49260612.0
2025-09-21 21:30:00,0.16308,0.20467,0.16296,0.20286,151706216.0
2025-09-21 22:00:00,0.20301,0.22099,0.19656,0.21169,146849894.0
2025-09-21 22:30:00,0.21165,0.22482,0.20839,0.21597,94392298.0
2025-09-21 23:00:00,0.21607,0.23369,0.21131,0.22797,99886152.0
2025-09-21 23:30:00,0.22797,0.22828,0.20798,0.21388,92397393.0
2025-09-22 00:00:00,0.21389,0.21545,0.19029,0.1934,108623507.0
2025-09-22 00:30:00,0.19336,0.2022,0.18552,0.19694,83816631.0
2025-09-22 01:00:00,0.19673,0.20442,0.19074,0.1971,58797123.0
2025-09-22 01:30:00,0.1971,0.208,0.19285,0.19342,45452726.0
2025-09-22 02:00:00,0.19339,0.201,0.19004,0.1955,46923475.0
2025-09-22 02:30:00,0.19561,0.19899,0.1901,0.19534,45964888.0
2025-09-22 03:00:00,0.19533,0.20122,0.19301,0.19998,76357666.0
2025-09-22 03:30:00,0.20002,0.20599,0.19461,0.19662,47508463.0
2025-09-22 04:00:00,0.1966,0.2075,0.19258,0.20234,56888688.0
2025-09-22 04:30:00,0.20244,0.20437,0.19411,0.20266,83339149.0
2025-09-22 05:00:00,0.20254,0.223,0.20053,0.21938,82699006.0
2025-09-22 05:30:00,0.21947,0.22011,0.2095,0.21138,98553047.0
2025-09-22 06:00:00,0.21138,0.21496,0.1951,0.213,127768678.0
2025-09-22 06:30:00,0.21314,0.21462,0.201,0.20825,60093535.0
2025-09-22 07:00:00,0.20826,0.20952,0.20221,0.20656,47124823.0
2025-09-22 07:30:00,0.20656,0.21208,0.197,0.20792,72926085.0
2025-09-22 08:00:00,0.20783,0.22994,0.20605,0.22424,136092858.0
2025-09-22 08:30:00,0.22424,0.24261,0.21584,0.21752,141177077.0
2025-09-22 09:00:00,0.21756,0.22168,0.21152,0.21727,76346509.0
2025-09-22 09:30:00,0.21727,0.2248,0.21061,0.21285,68505474.0
2025-09-22 10:00:00,0.21283,0.21815,0.21132,0.21344,46443239.0
2025-09-22 10:30:00,0.21337,0.23582,0.21101,0.22331,130124810.0
2025-09-22 11:00:00,0.22332,0.22861,0.22014,0.22685,56980491.0
2025-09-22 11:30:00,0.22677,0.26063,0.22136,0.25607,130959556.0
2025-09-22 12:00:00,0.25573,0.27596,0.2412,0.24586,168082378.0
2025-09-22 12:30:00,0.24587,0.25249,0.2342,0.24195,65339819.0
2025-09-22 13:00:00,0.24187,0.24961,0.23503,0.24417,54659787.0
2025-09-22 13:30:00,0.24413,0.2504,0.24,0.2494,52451557.0
2025-09-22 14:00:00,0.24924,0.2548,0.23011,0.24495,120715955.0
2025-09-22 14:30:00,0.24489,0.2545,0.23852,0.24242,84506993.0
2025-09-22 15:00:00,0.24243,0.26373,0.24129,0.2555,148744579.0
2025-09-22 15:30:00,0.2555,0.27052,0.23821,0.2394,163629870.0
2025-09-22 16:00:00,0.23937,0.243,0.23856,0.23922,64683719.0
2025-09-22 16:30:00,0.23921,0.2734,0.2377,0.26277,210332984.0
2025-09-22 17:00:00,0.26289,0.27966,0.25655,0.26449,88372661.0
2025-09-22 17:30:00,0.26441,0.27998,0.26034,0.27547,61727620.0
2025-09-22 18:00:00,0.2755,0.357,0.27067,0.35314,224108129.0
2025-09-22 18:30:00,0.35316,0.86946,0.34692,0.575,466442042.0
2025-09-22 19:00:00,0.57609,0.59671,0.2451,0.25133,438480361.0
2025-09-22 19:30:00,0.2515,0.27133,0.086,0.10378,725660404.0
2025-09-22 20:00:00,0.10376,0.11681,0.09657,0.11439,391179300.0
2025-09-22 20:30:00,0.11438,0.13868,0.10601,0.12382,348411701.0
2025-09-22 21:00:00,0.12382,0.14833,0.12009,0.14063,192063502.0
2025-09-22 21:30:00,0.1406,0.14383,0.11554,0.12695,131733700.0
2025-09-22 22:00:00,0.12696,0.134,0.12214,0.12884,73512392.0
2025-09-22 22:30:00,0.1288,0.1386,0.1235,0.13762,58025716.0
2025-09-22 23:00:00,0.13761,0.14007,0.12801,0.13041,52833446.0
2025-09-22 23:30:00,0.13038,0.13341,0.126,0.12675,43103169.0
2025-09-23 00:00:00,0.12671,0.13369,0.12299,0.1261,55456692.0
2025-09-23 00:30:00,0.12607,0.13497,0.12359,0.13304,48570631.0
2025-09-23 01:00:00,0.13304,0.13439,0.11714,0.12307,70150082.0
2025-09-23 01:30:00,0.12305,0.12345,0.11477,0.11815,35692396.0
2025-09-23 02:00:00,0.11812,0.12309,0.10609,0.11105,56280349.0
2025-09-23 02:30:00,0.1111,0.1141,0.1064,0.11293,48106801.0
2025-09-23 03:00:00,0.11293,0.11769,0.11096,0.1137,33012027.0
2025-09-23 03:30:00,0.11371,0.11592,0.1101,0.1112,29049598.0
2025-09-23 04:00:00,0.11117,0.11157,0.1082,0.11116,24001519.0
2025-09-23 04:30:00,0.11117,0.11117,0.10374,0.10951,41532884.0
2025-09-23 05:00:00,0.10952,0.1116,0.10565,0.10661,41734789.0
2025-09-23 05:30:00,0.10661,0.10668,0.10018,0.10312,45452134.0
2025-09-23 06:00:00,0.10312,0.10376,0.09694,0.10147,47692471.0
2025-09-23 06:30:00,0.10146,0.10584,0.10138,0.10375,30225483.0
2025-09-23 07:00:00,0.10378,0.10713,0.10168,0.10262,35281123.0
2025-09-23 07:30:00,0.10259,0.10352,0.10003,0.10208,27239123.0
2025-09-23 08:00:00,0.10201,0.10213,0.09356,0.10152,72629604.0
2025-09-23 08:30:00,0.10149,0.10546,0.10008,0.10471,35290485.0
2025-09-23 09:00:00,0.1047,0.10482,0.10225,0.10297,25904029.0
2025-09-23 09:30:00,0.103,0.10897,0.1028,0.10651,52634778.0
2025-09-23 10:00:00,0.10649,0.10682,0.10148,0.106,27965954.0
2025-09-23 10:30:00,0.10601,0.11919,0.1057,0.11383,73562292.0
2025-09-23 11:00:00,0.11383,0.11383,0.10431,0.10923,63791683.0
2025-09-23 11:30:00,0.1092,0.115,0.10895,0.11416,30956447.0
2025-09-23 12:00:00,0.1141,0.11697,0.10919,0.11238,49555952.0
2025-09-23 12:30:00,0.11238,0.11365,0.10923,0.11188,30578524.0
2025-09-23 13:00:00,0.11185,0.11309,0.10645,0.11164,39743934.0
2025-09-23 13:30:00,0.11169,0.11549,0.10855,0.11423,32925006.0
2025-09-23 14:00:00,0.11422,0.11498,0.107,0.10908,33576341.0
2025-09-23 14:30:00,0.1091,0.1131,0.10751,0.11216,19296748.0
2025-09-23 15:00:00,0.1122,0.11607,0.10441,0.10601,87919430.0
2025-09-23 15:30:00,0.10601,0.10617,0.101,0.10186,40377605.0
2025-09-23 16:00:00,0.10187,0.10594,0.1,0.10555,24966376.0
2025-09-23 16:30:00,0.10548,0.11081,0.10408,0.1105,36925576.0
2025-09-23 17:00:00,0.11046,0.11046,0.10524,0.1057,23300077.0
2025-09-23 17:30:00,0.10569,0.10701,0.1,0.10217,28647557.0
2025-09-23 18:00:00,0.10223,0.1045,0.1,0.1007,26114634.0
2025-09-23 18:30:00,0.10069,0.10506,0.09847,0.10446,33152406.0
2025-09-23 19:00:00,0.10446,0.109,0.10262,0.1087,25560031.0
2025-09-23 19:30:00,0.10872,0.11249,0.10581,0.11175,37727766.0
2025-09-23 20:00:00,0.11177,0.11899,0.10793,0.11494,55589319.0
2025-09-23 20:30:00,0.11494,0.12374,0.11219,0.11879,58308477.0
2025-09-23 21:00:00,0.11881,0.12277,0.11614,0.12027,30499805.0
2025-09-23 21:30:00,0.12035,0.12076,0.11234,0.11528,28118304.0
2025-09-23 22:00:00,0.11529,0.1164,0.11164,0.1132,27009632.0
2025-09-23 22:30:00,0.1132,0.11797,0.11246,0.11549,16222699.0
2025-09-23 23:00:00,0.1155,0.11556,0.1042,0.10791,33131304.0
2025-09-23 23:30:00,0.1079,0.10964,0.10626,0.10834,21321077.0
2025-09-24 00:00:00,0.10837,0.10865,0.10614,0.1074,14354095.0
2025-09-24 00:30:00,0.10745,0.10798,0.10546,0.10602,9325422.0
2025-09-24 01:00:00,0.10603,0.10825,0.1053,0.1074,13073302.0
2025-09-24 01:30:00,0.10742,0.1095,0.1063,0.10762,13648749.0
2025-09-24 02:00:00,0.10762,0.10942,0.10712,0.10853,12775607.0
2025-09-24 02:30:00,0.10852,0.10937,0.10568,0.10589,12190093.0
2025-09-24 03:00:00,0.1059,0.10754,0.10544,0.10593,9321403.0
2025-09-24 03:30:00,0.10594,0.10689,0.1043,0.10459,10217644.0
2025-09-24 04:00:00,0.10466,0.10657,0.10315,0.10594,15949666.0
2025-09-24 04:30:00,0.10595,0.10737,0.10512,0.10585,9572018.0
2025-09-24 05:00:00,0.10585,0.10712,0.10518,0.10658,6308684.0
2025-09-24 05:30:00,0.10661,0.1079,0.10587,0.1073,6940165.0
2025-09-24 06:00:00,0.10728,0.10761,0.10385,0.10447,10371172.0
2025-09-24 06:30:00,0.10447,0.10576,0.10356,0.10462,10339956.0
2025-09-24 07:00:00,0.10459,0.10504,0.10311,0.10405,8514828.0
2025-09-24 07:30:00,0.10405,0.10585,0.10319,0.10435,8456035.0
2025-09-24 08:00:00,0.10435,0.1051,0.10252,0.10344,9484960.0
2025-09-24 08:30:00,0.10344,0.10404,0.10177,0.10255,7481223.0
2025-09-24 09:00:00,0.10256,0.10278,0.10101,0.10231,9591686.0
2025-09-24 09:30:00,0.1023,0.10317,0.10181,0.10255,5936475.0
2025-09-24 10:00:00,0.10256,0.10299,0.1005,0.10083,9083238.0
2025-09-24 10:30:00,0.10086,0.1026,0.09925,0.10219,12602200.0
2025-09-24 11:00:00,0.10216,0.10279,0.09827,0.10002,17312346.0
2025-09-24 11:30:00,0.10004,0.10078,0.09944,0.10041,7893643.0
2025-09-24 12:00:00,0.10041,0.10083,0.09801,0.09923,12985237.0
2025-09-24 12:30:00,0.09923,0.09972,0.09841,0.09971,8556260.0
2025-09-24 13:00:00,0.09969,0.10125,0.09858,0.10001,12063298.0
2025-09-24 13:30:00,0.10002,0.10002,0.09693,0.0975,14806806.0
2025-09-24 14:00:00,0.09745,0.09832,0.09647,0.09692,11840886.0
2025-09-24 14:30:00,0.09688,0.09908,0.09668,0.09822,11151275.0
2025-09-24 15:00:00,0.0982,0.10193,0.09424,0.09567,33444023.0
2025-09-24 15:30:00,0.09566,0.09566,0.091,0.09281,26314525.0
2025-09-24 16:00:00,0.09282,0.09292,0.0902,0.09081,22061102.0
2025-09-24 16:30:00,0.09078,0.09267,0.09068,0.09119,14609506.0
2025-09-24 17:00:00,0.09125,0.09244,0.09095,0.09148,12797446.0
2025-09-24 17:30:00,0.09147,0.0926,0.09107,0.09152,8486109.0
2025-09-24 18:00:00,0.09152,0.09184,0.08801,0.08989,18919816.0
2025-09-24 18:30:00,0.08985,0.09006,0.08535,0.0873,37816055.0
2025-09-24 19:00:00,0.08727,0.08812,0.08622,0.08673,19287382.0
2025-09-24 19:30:00,0.08672,0.08877,0.08292,0.08449,43908593.0
2025-09-24 20:00:00,0.08443,0.09161,0.08245,0.08895,65545487.0
2025-09-24 20:30:00,0.08897,0.09052,0.08787,0.0884,23158139.0
2025-09-24 21:00:00,0.0884,0.08848,0.08547,0.08623,21843195.0
2025-09-24 21:30:00,0.08624,0.08778,0.08534,0.0857,13100664.0
2025-09-24 22:00:00,0.0857,0.08682,0.08439,0.08493,16497889.0
2025-09-24 22:30:00,0.08493,0.08586,0.08464,0.08572,11665308.0
2025-09-24 23:00:00,0.0857,0.0864,0.08334,0.08433,13114875.0
2025-09-24 23:30:00,0.08432,0.0876,0.0841,0.08607,23060526.0
2025-09-25 00:00:00,0.08605,0.08707,0.08534,0.08593,10616717.0
2025-09-25 00:30:00,0.08597,0.08692,0.08532,0.08672,8748128.0
2025-09-25 01:00:00,0.08671,0.08869,0.08626,0.0875,12066562.0
2025-09-25 01:30:00,0.08749,0.08826,0.08685,0.08698,8680334.0
2025-09-25 02:00:00,0.08699,0.08735,0.08525,0.08733,10692127.0
2025-09-25 02:30:00,0.08731,0.08832,0.08605,0.08763,10800951.0
2025-09-25 03:00:00,0.08759,0.08814,0.08535,0.0858,10950146.0
2025-09-25 03:30:00,0.08574,0.08574,0.0837,0.08501,12676390.0
2025-09-25 04:00:00,0.085,0.08706,0.0842,0.0864,11988322.0
2025-09-25 04:30:00,0.0864,0.08712,0.08533,0.08603,8965454.0
2025-09-25 05:00:00,0.08603,0.0866,0.08519,0.08584,7818165.0
2025-09-25 05:30:00,0.08582,0.08588,0.08318,0.08416,12657750.0
2025-09-25 06:00:00,0.08416,0.08466,0.0831,0.08342,12156567.0
2025-09-25 06:30:00,0.08341,0.08512,0.08204,0.08289,19454141.0
2025-09-25 07:00:00,0.08289,0.08351,0.08215,0.08228,9311970.0
2025-09-25 07:30:00,0.08227,0.08317,0.08077,0.08112,15409118.0
2025-09-25 08:00:00,0.08111,0.08178,0.0806,0.08154,15248392.0
2025-09-25 08:30:00,0.08154,0.08158,0.0802,0.08096,11872111.0
2025-09-25 09:00:00,0.08098,0.08192,0.08061,0.08071,12389580.0
2025-09-25 09:30:00,0.08069,0.081,0.07856,0.08022,22682176.0
2025-09-25 10:00:00,0.08022,0.0805,0.07944,0.0803,8630587.0
2025-09-25 10:30:00,0.0803,0.08131,0.07863,0.07914,12190767.0
2025-09-25 11:00:00,0.07914,0.08005,0.07886,0.07981,7769003.0
2025-09-25 11:30:00,0.07983,0.08077,0.07871,0.07936,9089695.0
2025-09-25 12:00:00,0.07932,0.0823,0.07861,0.07945,19689135.0
2025-09-25 12:30:00,0.07946,0.08275,0.07877,0.08053,20533955.0
2025-09-25 13:00:00,0.08049,0.08164,0.0793,0.08113,13125910.0
2025-09-25 13:30:00,0.08111,0.08116,0.07892,0.08004,14934826.0
2025-09-25 14:00:00,0.08009,0.08243,0.08003,0.08121,14829810.0
2025-09-25 14:30:00,0.08124,0.08192,0.07968,0.08026,10173361.0
2025-09-25 15:00:00,0.08026,0.0806,0.0782,0.07847,17644494.0
2025-09-25 15:30:00,0.07846,0.07881,0.07574,0.07729,25736036.0
2025-09-25 16:00:00,0.07729,0.08758,0.07635,0.08038,72358060.0
2025-09-25 16:30:00,0.08043,0.08185,0.075,0.07651,33908330.0
2025-09-25 17:00:00,0.07649,0.07733,0.07384,0.07543,20135425.0
2025-09-25 17:30:00,0.07542,0.07636,0.07429,0.07509,12251985.0
2025-09-25 18:00:00,0.0751,0.07526,0.07238,0.075,23278881.0
2025-09-25 18:30:00,0.07499,0.07621,0.07428,0.07453,12160865.0
2025-09-25 19:00:00,0.07454,0.07547,0.07412,0.07432,9865202.0
2025-09-25 19:30:00,0.07433,0.07509,0.07323,0.07335,10077498.0
2025-09-25 20:00:00,0.07337,0.07338,0.07205,0.07213,10164779.0
2025-09-25 20:30:00,0.07211,0.0722,0.06939,0.07028,22581535.0
2025-09-25 21:00:00,0.07028,0.07038,0.06813,0.06911,18792590.0
2025-09-25 21:30:00,0.06914,0.06949,0.06742,0.06901,14406738.0
2025-09-25 22:00:00,0.06901,0.06932,0.06724,0.06755,12214822.0
2025-09-25 22:30:00,0.06752,0.06827,0.06606,0.06635,12401242.0
2025-09-25 23:00:00,0.06635,0.06737,0.06563,0.06656,13511913.0
2025-09-25 23:30:00,0.06653,0.06712,0.06594,0.06668,9020884.0
2025-09-26 00:00:00,0.06669,0.06848,0.06641,0.06806,14837702.0
2025-09-26 00:30:00,0.06807,0.0707,0.06707,0.07028,14619131.0
2025-09-26 01:00:00,0.07027,0.07089,0.06949,0.06979,12694583.0
2025-09-26 01:30:00,0.06974,0.07067,0.06963,0.07009,7242631.0
2025-09-26 02:00:00,0.07009,0.07016,0.06848,0.06906,9665022.0
2025-09-26 02:30:00,0.06907,0.06949,0.0683,0.06898,6408873.0
2025-09-26 03:00:00,0.069,0.06926,0.06821,0.06839,7016111.0
2025-09-26 03:30:00,0.06836,0.06853,0.06771,0.06827,6436431.0
2025-09-26 04:00:00,0.06827,0.06846,0.06713,0.06721,8764558.0
2025-09-26 04:30:00,0.0672,0.06747,0.06635,0.06702,11579749.0
2025-09-26 05:00:00,0.06703,0.06804,0.06692,0.06749,12212790.0
2025-09-26 05:30:00,0.06749,0.06793,0.06675,0.06711,9390624.0
2025-09-26 06:00:00,0.06711,0.06824,0.06638,0.06676,10434720.0
2025-09-26 06:30:00,0.0668,0.06682,0.06524,0.06559,13908405.0
2025-09-26 07:00:00,0.0656,0.06661,0.06553,0.06654,10777449.0
2025-09-26 07:30:00,0.06658,0.06658,0.06376,0.065,17823857.0
2025-09-26 08:00:00,0.065,0.0655,0.06478,0.06502,7423804.0
2025-09-26 08:30:00,0.06503,0.06524,0.06384,0.06408,14483951.0
2025-09-26 09:00:00,0.06407,0.06448,0.06289,0.06357,22208595.0
2025-09-26 09:30:00,0.06358,0.06371,0.06124,0.06152,27810020.0
2025-09-26 10:00:00,0.06149,0.06182,0.06063,0.0607,21699440.0
2025-09-26 10:30:00,0.06069,0.06101,0.05949,0.06009,22909414.0
2025-09-26 11:00:00,0.06008,0.06056,0.05882,0.05895,24281064.0
2025-09-26 11:30:00,0.05895,0.06254,0.05889,0.0621,30723708.0
2025-09-26 12:00:00,0.06212,0.06693,0.06116,0.06519,55115622.0
2025-09-26 12:30:00,0.06519,0.07359,0.06438,0.06679,73451808.0
2025-09-26 13:00:00,0.06688,0.067,0.06276,0.0638,47359944.0
2025-09-26 13:30:00,0.06379,0.06692,0.06295,0.06524,26093768.0
2025-09-26 14:00:00,0.06521,0.066,0.0631,0.06374,21981110.0
2025-09-26 14:30:00,0.06375,0.06457,0.06261,0.06429,14010082.0
2025-09-26 15:00:00,0.0643,0.07041,0.06,0.06218,114744743.0
2025-09-26 15:30:00,0.06218,0.06219,0.06009,0.06101,20767356.0
2025-09-26 16:00:00,0.06101,0.06125,0.05801,0.05969,22911730.0
2025-09-26 16:30:00,0.05969,0.062,0.05965,0.0604,17608921.0
2025-09-26 17:00:00,0.06044,0.06263,0.05965,0.06204,18672344.0
2025-09-26 17:30:00,0.06199,0.06603,0.06163,0.06435,26551578.0
2025-09-26 18:00:00,0.06437,0.06568,0.0639,0.06547,15780054.0
2025-09-26 18:30:00,0.06548,0.06582,0.06373,0.06473,9302533.0
2025-09-26 19:00:00,0.06474,0.06547,0.06455,0.06483,7419564.0
2025-09-26 19:30:00,0.06484,0.0652,0.06249,0.06261,13591641.0
2025-09-26 20:00:00,0.06261,0.06317,0.06205,0.0621,6639684.0
2025-09-26 20:30:00,0.06211,0.06221,0.06127,0.06204,6069963.0
2025-09-26 21:00:00,0.06204,0.06204,0.05958,0.0598,8955810.0
2025-09-26 21:30:00,0.05982,0.06182,0.05969,0.06105,7332916.0
2025-09-26 22:00:00,0.06106,0.06192,0.06013,0.06048,5602291.0
2025-09-26 22:30:00,0.06051,0.06063,0.05953,0.06018,6707426.0
2025-09-26 23:00:00,0.06017,0.06034,0.059,0.0594,5792135.0
2025-09-26 23:30:00,0.0594,0.06105,0.05917,0.06078,8390969.0
2025-09-27 00:00:00,0.06077,0.06084,0.0596,0.05978,8651233.0
2025-09-27 00:30:00,0.0598,0.05989,0.059,0.05954,5105172.0
2025-09-27 01:00:00,0.05961,0.06035,0.05934,0.05946,6694896.0
2025-09-27 01:30:00,0.05945,0.06002,0.058,0.05915,8536144.0
2025-09-27 02:00:00,0.05916,0.0593,0.05753,0.05867,12002349.0
2025-09-27 02:30:00,0.05868,0.05896,0.0577,0.05784,7895130.0
2025-09-27 03:00:00,0.05785,0.05853,0.05744,0.05834,8467609.0
2025-09-27 03:30:00,0.05831,0.0588,0.05785,0.05793,5738354.0
2025-09-27 04:00:00,0.05795,0.05861,0.05758,0.05812,4864981.0
2025-09-27 04:30:00,0.05812,0.05979,0.05808,0.05971,5806676.0
2025-09-27 05:00:00,0.05971,0.0605,0.0588,0.0601,8323814.0
2025-09-27 05:30:00,0.06011,0.06039,0.05942,0.05959,6085787.0
2025-09-27 06:00:00,0.05958,0.05985,0.05909,0.05943,4686361.0
2025-09-27 06:30:00,0.05942,0.05985,0.05867,0.0592,4813352.0
2025-09-27 07:00:00,0.05923,0.05941,0.05844,0.059,7133208.0
2025-09-27 07:30:00,0.059,0.05907,0.05817,0.05865,5766407.0
2025-09-27 08:00:00,0.05866,0.05935,0.05842,0.05924,5323129.0
2025-09-27 08:30:00,0.05925,0.05969,0.05826,0.05856,7379202.0
2025-09-27 09:00:00,0.05858,0.05873,0.05753,0.05782,10626876.0
2025-09-27 09:30:00,0.05782,0.05843,0.05762,0.058,4659857.0
2025-09-27 10:00:00,0.05801,0.05899,0.0577,0.05862,5437239.0
2025-09-27 10:30:00,0.05863,0.05947,0.05838,0.05862,5377748.0
2025-09-27 11:00:00,0.05862,0.05972,0.05858,0.05962,4367583.0
2025-09-27 11:30:00,0.05963,0.05964,0.05874,0.05897,5190640.0
2025-09-27 12:00:00,0.05892,0.05892,0.05802,0.0583,8534583.0
2025-09-27 12:30:00,0.05829,0.05915,0.05786,0.05877,7948999.0
2025-09-27 13:00:00,0.05882,0.05939,0.05823,0.05865,9142650.0
2025-09-27 13:30:00,0.05862,0.05871,0.058,0.05818,5042606.0
2025-09-27 14:00:00,0.05818,0.05937,0.05799,0.05889,9642638.0
2025-09-27 14:30:00,0.05888,0.05996,0.05834,0.05895,10577815.0
2025-09-27 15:00:00,0.05899,0.06,0.05784,0.05826,16299634.0
2025-09-27 15:30:00,0.05827,0.0586,0.05785,0.05824,5246629.0
2025-09-27 16:00:00,0.05826,0.05855,0.05205,0.05456,70935825.0
2025-09-27 16:30:00,0.05462,0.06747,0.05366,0.06723,152895834.0
2025-09-27 17:00:00,0.06726,0.06991,0.06148,0.06864,136386569.0
2025-09-27 17:30:00,0.06859,0.07062,0.06555,0.06943,62713860.0
2025-09-27 18:00:00,0.06945,0.07227,0.06735,0.07063,51780685.0
2025-09-27 18:30:00,0.07064,0.07108,0.06819,0.06989,27258013.0
2025-09-27 19:00:00,0.06987,0.07265,0.0685,0.07061,32066094.0
2025-09-27 19:30:00,0.07062,0.07285,0.06928,0.07,26755759.0
2025-09-27 20:00:00,0.07004,0.07027,0.06344,0.06518,46335319.0
2025-09-27 20:30:00,0.06512,0.06878,0.06495,0.06832,20259214.0
2025-09-27 21:00:00,0.06832,0.06878,0.06516,0.06851,32571462.0
2025-09-27 21:30:00,0.06849,0.07422,0.06846,0.07196,49839229.0
2025-09-27 22:00:00,0.07195,0.07602,0.07059,0.07526,80798411.0
2025-09-27 22:30:00,0.07524,0.08182,0.06801,0.06988,160213815.0
2025-09-27 23:00:00,0.06992,0.07,0.06575,0.06655,45357338.0
2025-09-27 23:30:00,0.06658,0.06838,0.06533,0.0671,25637676.0
2025-09-28 00:00:00,0.06711,0.06978,0.06613,0.06806,24206558.0
2025-09-28 00:30:00,0.06805,0.06974,0.06769,0.06901,14578811.0
2025-09-28 01:00:00,0.06904,0.07031,0.06826,0.06839,20202117.0
2025-09-28 01:30:00,0.06838,0.06932,0.06725,0.06886,14294820.0
2025-09-28 02:00:00,0.06885,0.069,0.06741,0.06748,11951691.0
2025-09-28 02:30:00,0.06747,0.06806,0.06606,0.06633,11568197.0
2025-09-28 03:00:00,0.06633,0.06671,0.06517,0.06566,13570910.0
2025-09-28 03:30:00,0.06566,0.06575,0.06413,0.06444,12551721.0
2025-09-28 04:00:00,0.06444,0.06446,0.06214,0.06287,18262109.0
2025-09-28 04:30:00,0.06287,0.06422,0.0628,0.06417,10756649.0
2025-09-28 05:00:00,0.06418,0.06454,0.063,0.06414,9634275.0
2025-09-28 05:30:00,0.06411,0.06447,0.06304,0.06435,6738919.0
2025-09-28 06:00:00,0.06432,0.0655,0.06414,0.06428,10829888.0
2025-09-28 06:30:00,0.06429,0.06479,0.06358,0.06437,6225546.0
2025-09-28 07:00:00,0.06437,0.06517,0.06397,0.06492,7247643.0
2025-09-28 07:30:00,0.06493,0.06675,0.06469,0.0659,15820829.0
2025-09-28 08:00:00,0.06586,0.0666,0.06467,0.06499,12744340.0
2025-09-28 08:30:00,0.065,0.06573,0.06409,0.06432,8678112.0
2025-09-28 09:00:00,0.06431,0.06455,0.06263,0.06333,13405833.0
2025-09-28 09:30:00,0.0633,0.0636,0.06221,0.06238,7801047.0
2025-09-28 10:00:00,0.06243,0.06296,0.06035,0.0626,20345413.0
2025-09-28 10:30:00,0.06259,0.06389,0.06251,0.06368,6404536.0
2025-09-28 11:00:00,0.06367,0.06501,0.06315,0.06325,11511738.0
2025-09-28 11:30:00,0.06327,0.06438,0.06327,0.06434,5626466.0
2025-09-28 12:00:00,0.06431,0.06515,0.06311,0.06386,12233577.0
2025-09-28 12:30:00,0.06385,0.06438,0.06334,0.06422,5643547.0
2025-09-28 13:00:00,0.06423,0.06526,0.06399,0.06461,7792600.0
2025-09-28 13:30:00,0.06459,0.06533,0.0639,0.06512,11016551.0
2025-09-28 14:00:00,0.0651,0.06545,0.06409,0.0654,11614311.0
2025-09-28 14:30:00,0.06539,0.06827,0.0646,0.06695,26561323.0
2025-09-28 15:00:00,0.06699,0.06758,0.06476,0.06692,31388845.0
2025-09-28 15:30:00,0.06692,0.06692,0.06516,0.0656,16584803.0
2025-09-28 16:00:00,0.0656,0.06645,0.06411,0.06494,19702342.0
2025-09-28 16:30:00,0.06498,0.06508,0.06353,0.06365,11635341.0
2025-09-28 17:00:00,0.06366,0.0642,0.06319,0.06319,7930812.0
2025-09-28 17:30:00,0.06322,0.06349,0.06253,0.06293,9445776.0
2025-09-28 18:00:00,0.06293,0.06338,0.06252,0.06272,5847794.0
2025-09-28 18:30:00,0.06273,0.06384,0.06247,0.06311,6430396.0
2025-09-28 19:00:00,0.06311,0.0634,0.06167,0.06203,9497534.0
2025-09-28 19:30:00,0.06206,0.063,0.06175,0.06251,6802998.0
2025-09-28 20:00:00,0.06253,0.06317,0.06243,0.06299,4534655.0
2025-09-28 20:30:00,0.06301,0.06326,0.06254,0.06289,4627216.0
2025-09-28 21:00:00,0.06289,0.06416,0.06288,0.06386,6063727.0
2025-09-28 21:30:00,0.06386,0.06416,0.06306,0.06323,4392801.0
2025-09-28 22:00:00,0.06324,0.06428,0.0632,0.06398,4527317.0
2025-09-28 22:30:00,0.06398,0.06441,0.06345,0.06436,4567044.0
2025-09-28 23:00:00,0.06436,0.0645,0.06358,0.06389,5911942.0
2025-09-28 23:30:00,0.0639,0.06409,0.06308,0.06325,4687083.0
2025-09-29 00:00:00,0.06324,0.06324,0.06191,0.06219,10170840.0
2025-09-29 00:30:00,0.06221,0.06304,0.06192,0.06257,6209424.0
2025-09-29 01:00:00,0.06256,0.06304,0.06207,0.06241,5672225.0
2025-09-29 01:30:00,0.06239,0.06348,0.06239,0.06293,4535877.0
2025-09-29 02:00:00,0.06292,0.06321,0.06229,0.06261,4230234.0
2025-09-29 02:30:00,0.06262,0.06276,0.06224,0.06262,2630898.0
2025-09-29 03:00:00,0.06262,0.06273,0.06182,0.0624,4351368.0
2025-09-29 03:30:00,0.0624,0.06285,0.06183,0.0624,3744209.0
2025-09-29 04:00:00,0.06242,0.06251,0.06183,0.06203,4214376.0
2025-09-29 04:30:00,0.06203,0.06236,0.06163,0.0619,6222724.0
2025-09-29 05:00:00,0.06189,0.06227,0.06122,0.06202,7395050.0
2025-09-29 05:30:00,0.06203,0.06299,0.06178,0.06239,5215550.0
2025-09-29 06:00:00,0.0624,0.0629,0.06187,0.06214,4542106.0
2025-09-29 06:30:00,0.06215,0.06273,0.06188,0.06207,3781181.0
2025-09-29 07:00:00,0.06208,0.06243,0.06146,0.0618,3263074.0
2025-09-29 07:30:00,0.06179,0.06228,0.0616,0.06188,3878915.0
2025-09-29 08:00:00,0.0619,0.06212,0.06136,0.06168,4287990.0
2025-09-29 08:30:00,0.06168,0.06228,0.06149,0.06149,3164987.0
2025-09-29 09:00:00,0.06148,0.06181,0.0613,0.0614,4085761.0
2025-09-29 09:30:00,0.0614,0.06177,0.06103,0.06131,4460500.0
2025-09-29 10:00:00,0.06132,0.06156,0.06054,0.06096,7114218.0
2025-09-29 10:30:00,0.061,0.06126,0.06055,0.06075,4302923.0
2025-09-29 11:00:00,0.06076,0.06078,0.05904,0.05963,15105499.0
2025-09-29 11:30:00,0.05962,0.06009,0.05941,0.05984,4422922.0
2025-09-29 12:00:00,0.05986,0.05992,0.05897,0.05909,5276136.0
2025-09-29 12:30:00,0.0591,0.05944,0.0582,0.05858,9902953.0
2025-09-29 13:00:00,0.05857,0.05893,0.05822,0.05877,4223754.0
2025-09-29 13:30:00,0.05877,0.0603,0.05848,0.0599,8453255.0
2025-09-29 14:00:00,0.05989,0.06036,0.05944,0.05993,8530592.0
2025-09-29 14:30:00,0.0599,0.06008,0.05925,0.05978,5068637.0
2025-09-29 15:00:00,0.05976,0.0599,0.0581,0.05868,11850709.0
2025-09-29 15:30:00,0.05867,0.06358,0.05828,0.06112,58949756.0
2025-09-29 16:00:00,0.06116,0.06621,0.06076,0.06469,69535054.0
2025-09-29 16:30:00,0.06469,0.06796,0.06385,0.06661,56531862.0
2025-09-29 17:00:00,0.06663,0.06721,0.063,0.06508,39497354.0
2025-09-29 17:30:00,0.06504,0.06858,0.06427,0.06816,42107786.0
2025-09-29 18:00:00,0.06817,0.06919,0.06501,0.06685,63198127.0
2025-09-29 18:30:00,0.06685,0.06836,0.06415,0.06628,39240772.0
2025-09-29 19:00:00,0.06625,0.06755,0.06569,0.06755,17122766.0
2025-09-29 19:30:00,0.06755,0.06764,0.06338,0.06434,23327337.0
2025-09-29 20:00:00,0.06434,0.06583,0.06334,0.06446,23713007.0
2025-09-29 20:30:00,0.06448,0.06525,0.06396,0.06491,28970353.0
2025-09-29 21:00:00,0.0649,0.06983,0.06393,0.06741,40576650.0
2025-09-29 21:30:00,0.06744,0.06773,0.06531,0.06669,10638036.0
2025-09-29 22:00:00,0.0667,0.06801,0.0652,0.06617,14645089.0
2025-09-29 22:30:00,0.06616,0.06734,0.0653,0.06554,7652591.0
2025-09-29 23:00:00,0.06553,0.06582,0.06479,0.06497,6750347.0
2025-09-29 23:30:00,0.06496,0.06543,0.06435,0.06462,5336073.0
2025-09-30 00:00:00,0.06462,0.06462,0.06132,0.06182,23964032.0
2025-09-30 00:30:00,0.06181,0.06276,0.06116,0.06127,12476507.0
2025-09-30 01:00:00,0.06127,0.0615,0.05946,0.06027,12682255.0
2025-09-30 01:30:00,0.06026,0.06112,0.06012,0.06074,5391915.0
2025-09-30 02:00:00,0.06074,0.06145,0.0603,0.06059,6273391.0
2025-09-30 02:30:00,0.06058,0.06071,0.06005,0.06053,2522969.0
2025-09-30 03:00:00,0.06052,0.06084,0.06001,0.06004,3877869.0
2025-09-30 03:30:00,0.06003,0.06363,0.05971,0.06165,35465117.0
2025-09-30 04:00:00,0.06166,0.06727,0.06157,0.06527,134088784.0
2025-09-30 04:30:00,0.06525,0.06881,0.0625,0.06451,108002173.0
2025-09-30 05:00:00,0.06449,0.07668,0.06437,0.06805,221261682.0
2025-09-30 05:30:00,0.06803,0.06992,0.06658,0.06842,86034469.0
2025-09-30 06:00:00,0.06842,0.07169,0.06825,0.07075,57216355.0
2025-09-30 06:30:00,0.07076,0.07128,0.06943,0.07124,26192505.0
2025-09-30 07:00:00,0.07128,0.074,0.06723,0.07091,74645261.0
2025-09-30 07:30:00,0.07093,0.07575,0.06914,0.07294,99956500.0
2025-09-30 08:00:00,0.07296,0.07363,0.07001,0.07044,60317353.0
2025-09-30 08:30:00,0.07041,0.07053,0.0688,0.06909,23479668.0
2025-09-30 09:00:00,0.0691,0.0718,0.06727,0.07162,91124908.0
2025-09-30 09:30:00,0.07163,0.09352,0.07136,0.09174,434996553.0
2025-09-30 10:00:00,0.0916,0.098,0.07248,0.07438,634315923.0
2025-09-30 10:30:00,0.0744,0.07464,0.06818,0.07382,260654271.0
2025-09-30 11:00:00,0.07377,0.07544,0.0655,0.0662,223943417.0
2025-09-30 11:30:00,0.0662,0.06771,0.06031,0.06371,214204027.0
2025-09-30 12:00:00,0.06373,0.06383,0.05392,0.05468,187191072.0
2025-09-30 12:30:00,0.05466,0.055,0.05135,0.05343,130205050.0
2025-09-30 13:00:00,0.05342,0.05349,0.04958,0.05033,110907199.0
2025-09-30 13:30:00,0.05032,0.05289,0.05024,0.05107,55570021.0
2025-09-30 14:00:00,0.05107,0.05301,0.04963,0.05187,66646809.0
2025-09-30 14:30:00,0.05188,0.05321,0.05149,0.05279,22751414.0
2025-09-30 15:00:00,0.0528,0.05371,0.05219,0.0535,31472413.0
2025-09-30 15:30:00,0.05349,0.05635,0.05346,0.05492,49028833.0
2025-09-30 16:00:00,0.05491,0.05965,0.05443,0.05795,65921368.0
2025-09-30 16:30:00,0.05796,0.05804,0.05452,0.05641,53669336.0
2025-09-30 17:00:00,0.05641,0.06199,0.05625,0.06134,58898091.0
2025-09-30 17:30:00,0.06133,0.06454,0.0591,0.06175,66469868.0
2025-09-30 18:00:00,0.06174,0.06686,0.06166,0.06627,65199682.0
2025-09-30 18:30:00,0.06627,0.06682,0.06241,0.06331,44422768.0
2025-09-30 19:00:00,0.06333,0.06446,0.06103,0.0621,40167774.0
2025-09-30 19:30:00,0.0621,0.06361,0.06141,0.06294,21983367.0
2025-09-30 20:00:00,0.06294,0.06303,0.06091,0.06241,29306918.0
2025-09-30 20:30:00,0.06239,0.06286,0.06181,0.06273,9141366.0
2025-09-30 21:00:00,0.06273,0.06314,0.06156,0.06292,17510863.0
2025-09-30 21:30:00,0.06294,0.06578,0.06236,0.06421,24287828.0
2025-09-30 22:00:00,0.0642,0.06514,0.06,0.06217,93056233.0
2025-09-30 22:30:00,0.06218,0.06435,0.06142,0.06385,21858488.0
2025-09-30 23:00:00,0.06387,0.06392,0.0624,0.06305,12791263.0
2025-09-30 23:30:00,0.06308,0.06451,0.06277,0.06395,7732645.0
2025-10-01 00:00:00,0.06396,0.065,0.0635,0.0637,12602330.0
2025-10-01 00:30:00,0.06373,0.06463,0.06305,0.06361,11536894.0
2025-10-01 01:00:00,0.06361,0.06398,0.06247,0.06306,10116705.0
2025-10-01 01:30:00,0.0631,0.06325,0.06226,0.0627,7034939.0
2025-10-01 02:00:00,0.06268,0.06535,0.06264,0.06521,16701972.0
2025-10-01 02:30:00,0.06521,0.06621,0.06435,0.06512,14243827.0
2025-10-01 03:00:00,0.06512,0.06543,0.06365,0.06449,13916015.0
2025-10-01 03:30:00,0.0645,0.06611,0.06406,0.06447,18392625.0
2025-10-01 04:00:00,0.06449,0.06599,0.06407,0.06477,13840260.0
2025-10-01 04:30:00,0.06478,0.06496,0.06326,0.06336,12357143.0
2025-10-01 05:00:00,0.06337,0.0639,0.06251,0.06305,11522192.0
2025-10-01 05:30:00,0.06305,0.06384,0.06042,0.06314,13510243.0
2025-10-01 06:00:00,0.06314,0.06406,0.06243,0.06264,7413344.0
2025-10-01 06:30:00,0.06265,0.06364,0.06198,0.06331,5995556.0
2025-10-01 07:00:00,0.0633,0.0639,0.06237,0.0628,8290476.0
2025-10-01 07:30:00,0.06282,0.06302,0.06226,0.06266,5320174.0
2025-10-01 08:00:00,0.06269,0.06381,0.06193,0.06323,9811470.0
2025-10-01 08:30:00,0.06324,0.06477,0.06314,0.06437,14525472.0
2025-10-01 09:00:00,0.06439,0.06598,0.06439,0.0654,13756210.0
2025-10-01 09:30:00,0.06541,0.0656,0.06358,0.06394,12240514.0
2025-10-01 10:00:00,0.06395,0.06583,0.06367,0.06531,13587553.0
2025-10-01 10:30:00,0.06533,0.06577,0.06405,0.0643,11293488.0
2025-10-01 11:00:00,0.06429,0.0645,0.06379,0.06426,7564005.0
2025-10-01 11:30:00,0.06426,0.06456,0.06393,0.06412,4527359.0
2025-10-01 12:00:00,0.06411,0.06446,0.06319,0.06402,16957444.0
2025-10-01 12:30:00,0.06402,0.06573,0.06391,0.06445,14175033.0
2025-10-01 13:00:00,0.06446,0.06587,0.06432,0.06574,13881781.0
2025-10-01 13:30:00,0.06575,0.06586,0.06491,0.0656,14216366.0
2025-10-01 14:00:00,0.06562,0.06594,0.06481,0.06563,13495720.0
2025-10-01 14:30:00,0.06563,0.06945,0.06504,0.06745,81510783.0
2025-10-01 15:00:00,0.06743,0.06753,0.0651,0.06637,28859068.0
2025-10-01 15:30:00,0.06636,0.0668,0.06364,0.06461,22551604.0
2025-10-01 16:00:00,0.06462,0.06527,0.0635,0.06389,18266681.0
2025-10-01 16:30:00,0.06389,0.06452,0.06334,0.06379,9306562.0
2025-10-01 17:00:00,0.06379,0.06438,0.06366,0.06395,7590853.0
2025-10-01 17:30:00,0.06398,0.06436,0.06369,0.06369,4637768.0
2025-10-01 18:00:00,0.06371,0.06406,0.06327,0.06389,5150521.0
2025-10-01 18:30:00,0.06391,0.06515,0.06384,0.06413,5825084.0
2025-10-01 19:00:00,0.06412,0.06497,0.06399,0.06443,3690358.0
2025-10-01 19:30:00,0.06443,0.06444,0.06366,0.06385,3741822.0
2025-10-01 20:00:00,0.06384,0.06431,0.0632,0.06427,7061920.0
2025-10-01 20:30:00,0.06426,0.06495,0.06401,0.06477,3598356.0
2025-10-01 21:00:00,0.06477,0.06498,0.06384,0.06409,3690142.0
2025-10-01 21:30:00,0.06406,0.06515,0.06406,0.0651,2832985.0
2025-10-01 22:00:00,0.0651,0.0651,0.06417,0.06424,4490891.0
2025-10-01 22:30:00,0.06427,0.06462,0.06416,0.06459,2077057.0
2025-10-01 23:00:00,0.06458,0.06471,0.06417,0.06423,2980183.0
2025-10-01 23:30:00,0.06424,0.06454,0.06355,0.06438,4648197.0
2025-10-02 00:00:00,0.06438,0.06518,0.06413,0.06437,6601278.0
2025-10-02 00:30:00,0.06435,0.06485,0.06399,0.06471,4444740.0
2025-10-02 01:00:00,0.06472,0.06472,0.06366,0.06418,4786010.0
2025-10-02 01:30:00,0.06418,0.06464,0.06384,0.06401,2888182.0
2025-10-02 02:00:00,0.06401,0.06466,0.06392,0.06411,3654087.0
2025-10-02 02:30:00,0.06411,0.0649,0.06392,0.06484,3220605.0
2025-10-02 03:00:00,0.06484,0.06576,0.06472,0.06575,5128305.0
2025-10-02 03:30:00,0.06576,0.06678,0.06487,0.06511,11472376.0
2025-10-02 04:00:00,0.0651,0.06538,0.06445,0.0652,4943047.0
2025-10-02 04:30:00,0.0652,0.06626,0.06508,0.0655,6382363.0
2025-10-02 05:00:00,0.06548,0.06556,0.06432,0.0645,5083170.0
2025-10-02 05:30:00,0.06451,0.0651,0.06415,0.06465,4676456.0
2025-10-02 06:00:00,0.06465,0.06522,0.06445,0.06461,3349295.0
2025-10-02 06:30:00,0.06461,0.06488,0.06443,0.06464,3134254.0
2025-10-02 07:00:00,0.06464,0.06504,0.06439,0.06453,3261428.0
2025-10-02 07:30:00,0.06451,0.06477,0.06417,0.06468,3954887.0
2025-10-02 08:00:00,0.06469,0.06492,0.06425,0.06439,3914355.0
2025-10-02 08:30:00,0.06436,0.06475,0.06419,0.06432,3262631.0
2025-10-02 09:00:00,0.06433,0.06473,0.06418,0.06441,2752620.0
2025-10-02 09:30:00,0.06441,0.06486,0.0642,0.06478,3682909.0
2025-10-02 10:00:00,0.06478,0.06494,0.06426,0.06442,3481774.0
2025-10-02 10:30:00,0.06442,0.06487,0.06426,0.06472,2673610.0
2025-10-02 11:00:00,0.06473,0.06482,0.06427,0.06458,2504457.0
2025-10-02 11:30:00,0.06458,0.06491,0.06442,0.0645,2858013.0
2025-10-02 12:00:00,0.06449,0.06477,0.06408,0.06428,4342220.0
2025-10-02 12:30:00,0.06426,0.06453,0.06398,0.06406,4855820.0
2025-10-02 13:00:00,0.06407,0.06445,0.06318,0.06439,10696279.0
2025-10-02 13:30:00,0.06437,0.0644,0.06337,0.06402,7287168.0
2025-10-02 14:00:00,0.06404,0.06429,0.06333,0.06393,5173921.0
2025-10-02 14:30:00,0.06394,0.06482,0.06364,0.06427,5431810.0
2025-10-02 15:00:00,0.06428,0.0652,0.0613,0.06271,24330242.0
2025-10-02 15:30:00,0.06273,0.06296,0.06237,0.06269,5950737.0
2025-10-02 16:00:00,0.06268,0.06339,0.0624,0.06275,5636095.0
2025-10-02 16:30:00,0.06278,0.06304,0.06239,0.06264,5347028.0
2025-10-02 17:00:00,0.06263,0.06293,0.06232,0.06258,3447332.0
2025-10-02 17:30:00,0.06257,0.06275,0.06235,0.06259,1581050.0
2025-10-02 18:00:00,0.0626,0.06291,0.06232,0.06239,3351131.0
2025-10-02 18:30:00,0.0624,0.06246,0.06144,0.0621,4716267.0
2025-10-02 19:00:00,0.0621,0.06314,0.06195,0.06309,4368646.0
2025-10-02 19:30:00,0.06308,0.06329,0.06261,0.06275,3327574.0
2025-10-02 20:00:00,0.06276,0.06316,0.06244,0.06282,3009760.0
2025-10-02 20:30:00,0.06282,0.06327,0.06276,0.06315,2089063.0
2025-10-02 21:00:00,0.06316,0.06328,0.06231,0.06251,2318476.0
2025-10-02 21:30:00,0.06251,0.06357,0.06232,0.06347,3974356.0
2025-10-02 22:00:00,0.06347,0.06378,0.06181,0.06355,7619361.0
2025-10-02 22:30:00,0.06356,0.06368,0.06279,0.06285,2845592.0
2025-10-02 23:00:00,0.06284,0.06295,0.06247,0.06283,2966974.0
2025-10-02 23:30:00,0.06283,0.0635,0.06282,0.06315,3755492.0
2025-10-03 00:00:00,0.06316,0.06317,0.06239,0.06272,2322357.0
2025-10-03 00:30:00,0.06272,0.06286,0.06236,0.06278,1717468.0
2025-10-03 01:00:00,0.06277,0.06284,0.06232,0.0625,1918794.0
2025-10-03 01:30:00,0.06245,0.06278,0.06224,0.06246,1599149.0
2025-10-03 02:00:00,0.06245,0.06282,0.06224,0.06232,1875218.0
2025-10-03 02:30:00,0.06232,0.06252,0.06203,0.06239,1391705.0
2025-10-03 03:00:00,0.06238,0.06304,0.06232,0.06253,2042092.0
2025-10-03 03:30:00,0.06253,0.06291,0.06223,0.06234,2064830.0
2025-10-03 04:00:00,0.06234,0.0629,0.06233,0.06263,1954868.0
2025-10-03 04:30:00,0.06262,0.06264,0.06213,0.06251,2065534.0
2025-10-03 05:00:00,0.06251,0.06306,0.06222,0.06247,2583515.0
2025-10-03 05:30:00,0.06246,0.06295,0.06215,0.0626,2230570.0
2025-10-03 06:00:00,0.06259,0.06289,0.06227,0.06269,2052291.0
2025-10-03 06:30:00,0.06269,0.06283,0.06237,0.06272,1559565.0
2025-10-03 07:00:00,0.06272,0.06276,0.06218,0.06242,2315361.0
2025-10-03 07:30:00,0.06242,0.06269,0.06226,0.06266,854900.0
2025-10-03 08:00:00,0.06267,0.06279,0.06215,0.06253,2935824.0
2025-10-03 08:30:00,0.06252,0.06294,0.06222,0.06253,2673845.0
2025-10-03 09:00:00,0.06252,0.06296,0.06228,0.0628,2164302.0
2025-10-03 09:30:00,0.06279,0.06288,0.06233,0.06248,2003624.0
2025-10-03 10:00:00,0.06249,0.06255,0.06221,0.06237,2208723.0
2025-10-03 10:30:00,0.06237,0.06291,0.0623,0.06266,2916530.0
2025-10-03 11:00:00,0.06265,0.06326,0.06248,0.06299,2087051.0
2025-10-03 11:30:00,0.06299,0.0633,0.06274,0.06281,1871400.0
2025-10-03 12:00:00,0.06281,0.06312,0.06222,0.06287,3666928.0
2025-10-03 12:30:00,0.06287,0.06288,0.06227,0.06239,2129615.0
2025-10-03 13:00:00,0.06239,0.06263,0.06223,0.06247,1748338.0
2025-10-03 13:30:00,0.06247,0.06265,0.06228,0.06259,1972395.0
2025-10-03 14:00:00,0.06257,0.06288,0.06221,0.0626,1985381.0
2025-10-03 14:30:00,0.06261,0.06332,0.0626,0.06326,2273810.0
2025-10-03 15:00:00,0.06326,0.06334,0.06231,0.06251,3176526.0
2025-10-03 15:30:00,0.0625,0.06297,0.0624,0.0627,1911700.0
2025-10-03 16:00:00,0.06271,0.06341,0.06256,0.06295,3955371.0
2025-10-03 16:30:00,0.06296,0.06462,0.06296,0.06405,9349591.0
2025-10-03 17:00:00,0.06404,0.06455,0.06329,0.0635,7625085.0
2025-10-03 17:30:00,0.0635,0.06359,0.06267,0.06291,2783415.0
2025-10-03 18:00:00,0.06292,0.06306,0.06242,0.06299,2003150.0
2025-10-03 18:30:00,0.06301,0.06306,0.06247,0.06267,1700305.0
2025-10-03 19:00:00,0.06269,0.06346,0.06269,0.06346,2761130.0
2025-10-03 19:30:00,0.06347,0.06352,0.06264,0.06304,2267856.0
2025-10-03 20:00:00,0.06304,0.06357,0.06276,0.0628,2381776.0
2025-10-03 20:30:00,0.0628,0.06342,0.06277,0.06334,2059455.0
2025-10-03 21:00:00,0.06335,0.06358,0.06301,0.06323,2132401.0
2025-10-03 21:30:00,0.06323,0.0634,0.06293,0.06301,1741009.0
2025-10-03 22:00:00,0.06303,0.06364,0.06295,0.06299,1985838.0
2025-10-03 22:30:00,0.063,0.06306,0.06261,0.06282,2352617.0
2025-10-03 23:00:00,0.06281,0.06298,0.06248,0.0627,1783441.0
2025-10-03 23:30:00,0.0627,0.06309,0.06258,0.06304,2885222.0
2025-10-04 00:00:00,0.06304,0.06307,0.06258,0.06264,3670744.0
2025-10-04 00:30:00,0.06264,0.06288,0.06238,0.06257,2182602.0
2025-10-04 01:00:00,0.06256,0.06271,0.06231,0.06239,1990088.0
2025-10-04 01:30:00,0.06239,0.06263,0.06225,0.06251,1095599.0
2025-10-04 02:00:00,0.0625,0.06265,0.06223,0.06254,1267906.0
2025-10-04 02:30:00,0.06255,0.06278,0.06227,0.06237,1901290.0
2025-10-04 03:00:00,0.06236,0.06267,0.06101,0.06251,5808568.0
2025-10-04 03:30:00,0.06251,0.06273,0.06225,0.06273,1353299.0
2025-10-04 04:00:00,0.06274,0.06287,0.06194,0.06206,2538024.0
2025-10-04 04:30:00,0.06204,0.06233,0.062,0.06221,1562052.0
2025-10-04 05:00:00,0.0622,0.06244,0.06204,0.06243,1152401.0
2025-10-04 05:30:00,0.06244,0.06291,0.06224,0.06241,2372302.0
2025-10-04 06:00:00,0.0624,0.06278,0.0623,0.06256,1498614.0
2025-10-04 06:30:00,0.06256,0.06276,0.06206,0.06231,1992388.0
2025-10-04 07:00:00,0.06232,0.0624,0.06197,0.06228,2193256.0
2025-10-04 07:30:00,0.06229,0.06239,0.06206,0.0622,1054683.0
2025-10-04 08:00:00,0.0622,0.06238,0.06186,0.06204,2225581.0
2025-10-04 08:30:00,0.06204,0.0622,0.06156,0.06208,3236143.0
2025-10-04 09:00:00,0.06209,0.06223,0.06172,0.06213,1723827.0
2025-10-04 09:30:00,0.06214,0.06221,0.06176,0.06196,1559220.0
2025-10-04 10:00:00,0.06195,0.06229,0.06167,0.06194,2257200.0
2025-10-04 10:30:00,0.06193,0.06193,0.06161,0.06189,1326723.0
2025-10-04 11:00:00,0.06189,0.0621,0.06174,0.06194,2233493.0
2025-10-04 11:30:00,0.06195,0.062,0.06171,0.06181,2238100.0
2025-10-04 12:00:00,0.06183,0.06213,0.06178,0.06196,2228568.0
2025-10-04 12:30:00,0.06196,0.06198,0.06159,0.06169,2055976.0
2025-10-04 13:00:00,0.06169,0.06216,0.06165,0.06176,1734920.0
2025-10-04 13:30:00,0.06176,0.06204,0.06173,0.06192,1683082.0
2025-10-04 14:00:00,0.06191,0.06207,0.06156,0.06191,2142884.0
2025-10-04 14:30:00,0.06191,0.06202,0.0615,0.06151,2381416.0
2025-10-04 15:00:00,0.06151,0.06167,0.06007,0.06044,9940934.0
2025-10-04 15:30:00,0.06044,0.0607,0.06022,0.06034,3345736.0
2025-10-04 16:00:00,0.06035,0.06045,0.05798,0.05889,13963117.0
2025-10-04 16:30:00,0.05887,0.05938,0.05812,0.0586,4689741.0
2025-10-04 17:00:00,0.05859,0.05876,0.05743,0.05775,4561504.0
2025-10-04 17:30:00,0.05774,0.05783,0.05732,0.05777,2457030.0
2025-10-04 18:00:00,0.05777,0.0587,0.05755,0.05848,3716910.0
2025-10-04 18:30:00,0.05848,0.0597,0.05844,0.0591,5715686.0
2025-10-04 19:00:00,0.05909,0.05923,0.05865,0.05874,1492592.0
2025-10-04 19:30:00,0.05875,0.05899,0.05833,0.05882,1636103.0
2025-10-04 20:00:00,0.0588,0.05923,0.0587,0.05898,1355941.0
2025-10-04 20:30:00,0.05898,0.05918,0.05843,0.05913,1713271.0
2025-10-04 21:00:00,0.05912,0.05959,0.05889,0.05954,1607101.0
2025-10-04 21:30:00,0.05951,0.05981,0.05927,0.05962,973922.0
2025-10-04 22:00:00,0.05962,0.06032,0.05953,0.06011,1888982.0
2025-10-04 22:30:00,0.06013,0.06086,0.06008,0.06053,2406942.0
2025-10-04 23:00:00,0.06053,0.06074,0.06012,0.06061,1598939.0
2025-10-04 23:30:00,0.06061,0.06085,0.06041,0.0606,1115941.0
2025-10-05 00:00:00,0.0606,0.06099,0.0605,0.06069,2305622.0
2025-10-05 00:30:00,0.06069,0.06084,0.06028,0.0608,1657798.0
2025-10-05 01:00:00,0.0608,0.06122,0.06045,0.06096,2546268.0
2025-10-05 01:30:00,0.06096,0.06129,0.06055,0.06066,1457800.0
2025-10-05 02:00:00,0.06066,0.06109,0.06038,0.06051,2236267.0
2025-10-05 02:30:00,0.06052,0.0616,0.0605,0.06107,2907563.0
2025-10-05 03:00:00,0.06105,0.06146,0.06094,0.06134,1945953.0
2025-10-05 03:30:00,0.06133,0.06169,0.06122,0.06122,1350843.0
2025-10-05 04:00:00,0.06122,0.06143,0.06069,0.0608,1814766.0
2025-10-05 04:30:00,0.06078,0.06114,0.06059,0.06113,2113303.0
2025-10-05 05:00:00,0.06113,0.06158,0.06069,0.06122,4110062.0
2025-10-05 05:30:00,0.06123,0.06135,0.06076,0.06118,1895088.0
2025-10-05 06:00:00,0.06119,0.06138,0.06085,0.06131,1511008.0
2025-10-05 06:30:00,0.06133,0.06165,0.06108,0.06137,2656929.0
2025-10-05 07:00:00,0.06137,0.06315,0.06119,0.06251,5862724.0
2025-10-05 07:30:00,0.06252,0.06306,0.06225,0.06239,6533489.0
2025-10-05 08:00:00,0.0624,0.06284,0.06186,0.06209,3207417.0
2025-10-05 08:30:00,0.06209,0.06243,0.06144,0.06225,3666507.0
2025-10-05 09:00:00,0.06225,0.06366,0.0614,0.0632,10217389.0
2025-10-05 09:30:00,0.06319,0.06365,0.06214,0.06225,7173056.0
2025-10-05 10:00:00,0.06225,0.06246,0.06165,0.06189,3195363.0
2025-10-05 10:30:00,0.06188,0.06237,0.06171,0.06193,1862077.0
2025-10-05 11:00:00,0.06193,0.06271,0.06167,0.06175,3811536.0
2025-10-05 11:30:00,0.06177,0.06217,0.06159,0.06206,1378193.0
2025-10-05 12:00:00,0.06205,0.06225,0.06181,0.06214,1391812.0
2025-10-05 12:30:00,0.06219,0.06233,0.06108,0.06163,2894781.0
2025-10-05 13:00:00,0.06162,0.06204,0.06151,0.06186,2883290.0
2025-10-05 13:30:00,0.06187,0.06226,0.06162,0.06174,1317010.0
2025-10-05 14:00:00,0.06174,0.06236,0.06164,0.06194,1489879.0
2025-10-05 14:30:00,0.06196,0.0621,0.06169,0.06192,1171085.0
2025-10-05 15:00:00,0.06191,0.06191,0.06137,0.0618,1391836.0
2025-10-05 15:30:00,0.06179,0.0618,0.0611,0.06165,2087213.0
2025-10-05 16:00:00,0.06165,0.0617,0.06109,0.06122,2280585.0
2025-10-05 16:30:00,0.06123,0.06129,0.05992,0.06078,6923418.0
2025-10-05 17:00:00,0.06078,0.06133,0.06053,0.06071,2736672.0
2025-10-05 17:30:00,0.06071,0.06071,0.05989,0.06027,2586838.0
2025-10-05 18:00:00,0.06029,0.06066,0.05983,0.06007,2510547.0
2025-10-05 18:30:00,0.06008,0.06022,0.0595,0.06006,3144536.0
2025-10-05 19:00:00,0.06006,0.0602,0.05992,0.06012,1404806.0
2025-10-05 19:30:00,0.06011,0.06034,0.06004,0.06008,1595559.0
2025-10-05 20:00:00,0.06008,0.06024,0.05973,0.05998,1473824.0
2025-10-05 20:30:00,0.05999,0.06002,0.05963,0.05972,819053.0
2025-10-05 21:00:00,0.05974,0.06012,0.05966,0.0597,897307.0
2025-10-05 21:30:00,0.05971,0.0599,0.05958,0.0598,807083.0
2025-10-05 22:00:00,0.05982,0.06008,0.05957,0.05966,2462292.0
2025-10-05 22:30:00,0.05966,0.05992,0.05959,0.0598,2136413.0
2025-10-05 23:00:00,0.05979,0.06029,0.05974,0.06004,2080112.0
2025-10-05 23:30:00,0.06005,0.06026,0.05988,0.0599,1173620.0
2025-10-06 00:00:00,0.05992,0.05995,0.05924,0.05942,2739091.0
2025-10-06 00:30:00,0.05942,0.05973,0.0593,0.05945,1563196.0
2025-10-06 01:00:00,0.05945,0.05984,0.05943,0.05984,1660717.0
2025-10-06 01:30:00,0.05985,0.06007,0.05962,0.05983,1291450.0
2025-10-06 02:00:00,0.05982,0.05987,0.05957,0.0596,1209593.0
2025-10-06 02:30:00,0.05959,0.05991,0.05928,0.05961,1322766.0
2025-10-06 03:00:00,0.05962,0.06,0.0596,0.05977,823087.0
2025-10-06 03:30:00,0.05978,0.05996,0.0596,0.05974,773751.0
2025-10-06 04:00:00,0.05973,0.05981,0.05951,0.05963,711437.0
2025-10-06 04:30:00,0.05963,0.05969,0.05928,0.05946,1247680.0
2025-10-06 05:00:00,0.05944,0.05965,0.05932,0.05952,1059708.0
2025-10-06 05:30:00,0.05952,0.05997,0.05938,0.05984,950792.0
2025-10-06 06:00:00,0.05983,0.06015,0.05973,0.05998,1750791.0
2025-10-06 06:30:00,0.05998,0.06041,0.05994,0.06024,1844895.0
2025-10-06 07:00:00,0.06023,0.06094,0.06019,0.06081,1434020.0
2025-10-06 07:30:00,0.06083,0.06092,0.05976,0.06035,2551258.0
2025-10-06 08:00:00,0.06034,0.06059,0.0598,0.06009,2229494.0
2025-10-06 08:30:00,0.06008,0.06015,0.05955,0.05974,1432918.0
2025-10-06 09:00:00,0.05974,0.06006,0.05963,0.05983,1326844.0
2025-10-06 09:30:00,0.05984,0.06003,0.05895,0.05989,6054828.0
2025-10-06 10:00:00,0.05988,0.06017,0.05959,0.06002,2137772.0
2025-10-06 10:30:00,0.06003,0.06006,0.05964,0.05978,1127203.0
2025-10-06 11:00:00,0.05979,0.06004,0.05962,0.06002,1090775.0
2025-10-06 11:30:00,0.06002,0.06048,0.05996,0.06019,3027652.0
2025-10-06 12:00:00,0.06019,0.0605,0.06005,0.06017,1760408.0
2025-10-06 12:30:00,0.06016,0.06032,0.05995,0.06007,1345586.0
2025-10-06 13:00:00,0.0601,0.06052,0.05982,0.06,2195346.0
2025-10-06 13:30:00,0.06,0.06023,0.05984,0.06017,1853594.0
2025-10-06 14:00:00,0.06018,0.0607,0.06012,0.0605,2857546.0
2025-10-06 14:30:00,0.06051,0.06079,0.06018,0.06039,2139503.0
2025-10-06 15:00:00,0.06038,0.06046,0.06007,0.06018,1322234.0
2025-10-06 15:30:00,0.06017,0.06038,0.05989,0.05995,2217580.0
2025-10-06 16:00:00,0.05995,0.06018,0.05942,0.05955,2416378.0
2025-10-06 16:30:00,0.05954,0.05983,0.05949,0.05959,1062516.0
2025-10-06 17:00:00,0.05959,0.05998,0.05949,0.05992,2069591.0
2025-10-06 17:30:00,0.05992,0.06024,0.05977,0.06014,2172632.0
2025-10-06 18:00:00,0.06014,0.0603,0.0599,0.06015,1716972.0
2025-10-06 18:30:00,0.06015,0.06032,0.0597,0.05984,1497683.0
2025-10-06 19:00:00,0.05983,0.05987,0.05963,0.05966,1374073.0
2025-10-06 19:30:00,0.05967,0.05987,0.05953,0.05972,1257006.0
2025-10-06 20:00:00,0.05971,0.06051,0.0595,0.05986,3614561.0
2025-10-06 20:30:00,0.05984,0.06028,0.05957,0.06009,1395149.0
2025-10-06 21:00:00,0.06009,0.0601,0.05959,0.05974,1503312.0
2025-10-06 21:30:00,0.05975,0.06004,0.05958,0.05987,861066.0
2025-10-06 22:00:00,0.05986,0.05996,0.05954,0.05979,1280335.0
2025-10-06 22:30:00,0.05978,0.05984,0.05957,0.05974,807180.0
2025-10-06 23:00:00,0.05974,0.05998,0.05957,0.05973,1580861.0
2025-10-06 23:30:00,0.05974,0.0598,0.0595,0.05966,1030433.0
2025-10-07 00:00:00,0.05966,0.06014,0.05961,0.05964,2433383.0
2025-10-07 00:30:00,0.05963,0.06014,0.0595,0.05987,2145231.0
2025-10-07 01:00:00,0.05986,0.0599,0.05949,0.05965,1251361.0
2025-10-07 01:30:00,0.05964,0.05965,0.05923,0.05937,1751997.0
2025-10-07 02:00:00,0.05936,0.05954,0.05926,0.0595,1273426.0
2025-10-07 02:30:00,0.0595,0.05951,0.05918,0.05926,1246238.0
2025-10-07 03:00:00,0.05926,0.05951,0.05918,0.05939,1093738.0
2025-10-07 03:30:00,0.05938,0.05953,0.05897,0.05944,2107912.0
2025-10-07 04:00:00,0.05943,0.05951,0.0592,0.05944,806338.0
2025-10-07 04:30:00,0.05945,0.06004,0.05945,0.0598,2188754.0
2025-10-07 05:00:00,0.05979,0.06057,0.05961,0.06,3552467.0
2025-10-07 05:30:00,0.06001,0.0606,0.05993,0.06019,1702680.0
2025-10-07 06:00:00,0.06019,0.06049,0.05933,0.05966,4095257.0
2025-10-07 06:30:00,0.05965,0.05997,0.05948,0.05963,1162513.0
2025-10-07 07:00:00,0.05963,0.05973,0.05925,0.05961,1358791.0
2025-10-07 07:30:00,0.05961,0.05977,0.05927,0.0593,1517875.0
2025-10-07 08:00:00,0.0593,0.05932,0.05814,0.05868,6059369.0
2025-10-07 08:30:00,0.05868,0.05924,0.05843,0.05897,2907245.0
2025-10-07 09:00:00,0.05896,0.06051,0.05891,0.05965,7984994.0
2025-10-07 09:30:00,0.05965,0.05981,0.05938,0.0595,1541760.0
2025-10-07 10:00:00,0.0595,0.05959,0.05894,0.05916,3090991.0
2025-10-07 10:30:00,0.05916,0.05954,0.05911,0.05943,2096962.0
2025-10-07 11:00:00,0.05942,0.06036,0.0592,0.05941,6266190.0
2025-10-07 11:30:00,0.05944,0.05944,0.05841,0.05894,8472617.0
2025-10-07 12:00:00,0.05893,0.05931,0.05862,0.05912,2598479.0
2025-10-07 12:30:00,0.05912,0.05956,0.05898,0.05931,1324517.0
2025-10-07 13:00:00,0.0593,0.05941,0.05888,0.05912,1626304.0
2025-10-07 13:30:00,0.05912,0.0592,0.05837,0.0588,3573329.0
2025-10-07 14:00:00,0.05879,0.05894,0.05801,0.05851,5197750.0
2025-10-07 14:30:00,0.05851,0.05853,0.05812,0.05813,2416622.0
2025-10-07 15:00:00,0.05815,0.05821,0.05712,0.05732,9263950.0
2025-10-07 15:30:00,0.05732,0.05742,0.0567,0.05696,5181747.0
2025-10-07 16:00:00,0.05696,0.05711,0.05654,0.05676,4073799.0
2025-10-07 16:30:00,0.05674,0.05769,0.05674,0.05741,3335508.0
2025-10-07 17:00:00,0.0574,0.05814,0.05729,0.05764,2972949.0
2025-10-07 17:30:00,0.05764,0.0578,0.0572,0.0572,1525515.0
2025-10-07 18:00:00,0.05723,0.0575,0.05681,0.05701,1991089.0
2025-10-07 18:30:00,0.05701,0.0572,0.05651,0.0566,1399110.0
2025-10-07 19:00:00,0.0566,0.05679,0.05648,0.05659,1318938.0
2025-10-07 19:30:00,0.05658,0.05687,0.05646,0.05659,1896404.0
2025-10-07 20:00:00,0.05657,0.05701,0.05638,0.05684,1523347.0
2025-10-07 20:30:00,0.05684,0.05723,0.05678,0.05698,1272718.0
2025-10-07 21:00:00,0.05699,0.05763,0.05687,0.05744,1859711.0
2025-10-07 21:30:00,0.05744,0.0575,0.05693,0.05697,935226.0
2025-10-07 22:00:00,0.05694,0.05704,0.05669,0.05682,1512461.0
2025-10-07 22:30:00,0.05682,0.05696,0.05659,0.05681,746877.0
2025-10-07 23:00:00,0.05682,0.05682,0.05622,0.05642,2530823.0
2025-10-07 23:30:00,0.05641,0.05656,0.05627,0.05645,1217503.0
2025-10-08 00:00:00,0.05643,0.05657,0.05631,0.05642,1303599.0
2025-10-08 00:30:00,0.05641,0.05671,0.05615,0.05656,1419902.0
2025-10-08 01:00:00,0.05656,0.0568,0.0563,0.05659,1739494.0
2025-10-08 01:30:00,0.05659,0.05673,0.05646,0.05657,896327.0
2025-10-08 02:00:00,0.05657,0.05666,0.05638,0.05664,783196.0
2025-10-08 02:30:00,0.05665,0.05681,0.0564,0.05672,885912.0
2025-10-08 03:00:00,0.05671,0.05673,0.05568,0.05582,2910728.0
2025-10-08 03:30:00,0.05581,0.05607,0.05501,0.05533,5235770.0
2025-10-08 04:00:00,0.05533,0.05603,0.05471,0.05557,5972800.0
2025-10-08 04:30:00,0.05558,0.05562,0.05521,0.05546,1370714.0
2025-10-08 05:00:00,0.05547,0.05569,0.05534,0.05545,1374615.0
2025-10-08 05:30:00,0.05546,0.0556,0.05534,0.05546,748924.0
2025-10-08 06:00:00,0.05547,0.05569,0.05519,0.05527,1658804.0
2025-10-08 06:30:00,0.05526,0.05599,0.05524,0.05585,1140348.0
2025-10-08 07:00:00,0.05582,0.05609,0.05555,0.0559,1531133.0
2025-10-08 07:30:00,0.05589,0.05612,0.05578,0.05609,963369.0
2025-10-08 08:00:00,0.05604,0.05615,0.05596,0.05606,937073.0
2025-10-08 08:30:00,0.05605,0.05671,0.056,0.05624,2019970.0
2025-10-08 09:00:00,0.05624,0.05628,0.05574,0.05581,1377025.0
2025-10-08 09:30:00,0.05582,0.05593,0.05561,0.05579,1057683.0
2025-10-08 10:00:00,0.05577,0.0559,0.05547,0.05567,1017428.0
2025-10-08 10:30:00,0.05566,0.05583,0.0556,0.05572,775213.0
2025-10-08 11:00:00,0.05572,0.0566,0.05566,0.05612,2094609.0
2025-10-08 11:30:00,0.05612,0.05612,0.05558,0.05585,2359316.0
2025-10-08 12:00:00,0.05585,0.05604,0.05553,0.05584,1529615.0
2025-10-08 12:30:00,0.05584,0.05608,0.05552,0.0559,1775031.0
2025-10-08 13:00:00,0.0559,0.05597,0.05554,0.05556,1540307.0
2025-10-08 13:30:00,0.05557,0.05604,0.05522,0.05593,2669592.0
2025-10-08 14:00:00,0.05592,0.05656,0.05592,0.05622,3697039.0
2025-10-08 14:30:00,0.05621,0.05629,0.0558,0.05603,1296454.0
2025-10-08 15:00:00,0.05603,0.06026,0.05602,0.05938,26072700.0
2025-10-08 15:30:00,0.05937,0.05937,0.05766,0.05788,6897837.0
2025-10-08 16:00:00,0.05788,0.05844,0.05726,0.05788,3066313.0
2025-10-08 16:30:00,0.0579,0.05796,0.05708,0.05753,2115739.0
2025-10-08 17:00:00,0.05753,0.05838,0.05719,0.05815,2050801.0
2025-10-08 17:30:00,0.05813,0.05825,0.0575,0.05776,1197010.0
2025-10-08 18:00:00,0.05776,0.05811,0.05746,0.05783,1061791.0
2025-10-08 18:30:00,0.05786,0.05814,0.05736,0.05771,1319390.0
2025-10-08 19:00:00,0.0577,0.05771,0.05703,0.05716,891786.0
2025-10-08 19:30:00,0.05717,0.05738,0.05712,0.05719,1035918.0
2025-10-08 20:00:00,0.05719,0.05741,0.05703,0.05741,681512.0
2025-10-08 20:30:00,0.05739,0.05741,0.05702,0.05707,721937.0
2025-10-08 21:00:00,0.05708,0.0574,0.05676,0.05728,1418660.0
2025-10-08 21:30:00,0.05733,0.05733,0.05706,0.05711,636270.0
2025-10-08 22:00:00,0.05711,0.05797,0.05701,0.0579,1639234.0
2025-10-08 22:30:00,0.0579,0.05824,0.0578,0.0582,1268356.0
2025-10-08 23:00:00,0.05819,0.0582,0.05775,0.05799,1661022.0
2025-10-08 23:30:00,0.05799,0.05805,0.05746,0.05762,1069095.0
2025-10-09 00:00:00,0.05762,0.05792,0.05743,0.05763,1197196.0
2025-10-09 00:30:00,0.05763,0.05822,0.05757,0.05819,986539.0
2025-10-09 01:00:00,0.05819,0.05819,0.05755,0.05783,996781.0
2025-10-09 01:30:00,0.05783,0.05783,0.0575,0.05755,564166.0
2025-10-09 02:00:00,0.05755,0.05762,0.05692,0.05715,2026518.0
2025-10-09 02:30:00,0.05715,0.05722,0.0551,0.05535,5521794.0
2025-10-09 03:00:00,0.05538,0.05595,0.05537,0.05577,1367872.0
2025-10-09 03:30:00,0.05577,0.05594,0.05555,0.05584,1135330.0
2025-10-09 04:00:00,0.05584,0.05629,0.05572,0.05626,864991.0
2025-10-09 04:30:00,0.05628,0.05645,0.05591,0.05639,901758.0
2025-10-09 05:00:00,0.05638,0.05704,0.0561,0.0569,1814162.0
2025-10-09 05:30:00,0.05691,0.05709,0.05652,0.05672,1388138.0
2025-10-09 06:00:00,0.05671,0.05676,0.05605,0.05651,949507.0
2025-10-09 06:30:00,0.05653,0.05675,0.0561,0.0563,798085.0
2025-10-09 07:00:00,0.05629,0.0564,0.05605,0.05621,768850.0
2025-10-09 07:30:00,0.0562,0.0562,0.0556,0.0559,1341810.0
2025-10-09 08:00:00,0.05587,0.05597,0.05455,0.05486,3173426.0
2025-10-09 08:30:00,0.05485,0.05524,0.05447,0.05485,2892679.0
2025-10-09 09:00:00,0.05485,0.05511,0.05461,0.05485,1912954.0
2025-10-09 09:30:00,0.05486,0.05519,0.05477,0.05514,756009.0
2025-10-09 10:00:00,0.05513,0.05538,0.05481,0.05496,1325498.0
2025-10-09 10:30:00,0.05495,0.05527,0.05495,0.05511,746364.0
2025-10-09 11:00:00,0.05511,0.05545,0.0551,0.05528,1561788.0
2025-10-09 11:30:00,0.05525,0.05541,0.05497,0.05504,1039378.0
2025-10-09 12:00:00,0.05504,0.05712,0.05496,0.05575,8294628.0
2025-10-09 12:30:00,0.05575,0.0561,0.0556,0.05574,1312423.0
2025-10-09 13:00:00,0.05575,0.05587,0.05528,0.05567,2732576.0
2025-10-09 13:30:00,0.05567,0.05589,0.05536,0.05563,2066818.0
2025-10-09 14:00:00,0.05561,0.05634,0.05533,0.05546,2829702.0
2025-10-09 14:30:00,0.05546,0.05547,0.05446,0.05492,3725073.0
2025-10-09 15:00:00,0.05491,0.05543,0.05446,0.05469,2679571.0
2025-10-09 15:30:00,0.05469,0.05473,0.05438,0.05453,1358823.0
2025-10-09 16:00:00,0.05453,0.05462,0.0534,0.05371,3410260.0
2025-10-09 16:30:00,0.05371,0.05382,0.05266,0.05291,4631799.0
2025-10-09 17:00:00,0.0529,0.0535,0.05285,0.05333,1842661.0
2025-10-09 17:30:00,0.05333,0.05345,0.05282,0.05313,2495279.0
2025-10-09 18:00:00,0.05313,0.05328,0.05288,0.053,1416688.0
2025-10-09 18:30:00,0.05298,0.05298,0.05164,0.05185,4290314.0
2025-10-09 19:00:00,0.05185,0.05252,0.05176,0.05236,2708831.0
2025-10-09 19:30:00,0.05238,0.05243,0.05195,0.0522,1346545.0
2025-10-09 20:00:00,0.0522,0.05255,0.05203,0.05223,1218373.0
2025-10-09 20:30:00,0.05223,0.05263,0.05195,0.05224,1016087.0
2025-10-09 21:00:00,0.05224,0.0526,0.05223,0.05237,956869.0
2025-10-09 21:30:00,0.05237,0.05285,0.0522,0.05274,725067.0
2025-10-09 22:00:00,0.05273,0.053,0.05264,0.05292,1000899.0
2025-10-09 22:30:00,0.05293,0.05343,0.0529,0.0531,817274.0
2025-10-09 23:00:00,0.05309,0.05315,0.05285,0.05298,650262.0
2025-10-09 23:30:00,0.05296,0.05313,0.05271,0.05284,599637.0
2025-10-10 00:00:00,0.05284,0.05306,0.05256,0.05306,1238838.0
2025-10-10 00:30:00,0.05306,0.05324,0.05287,0.05316,648823.0
2025-10-10 01:00:00,0.05316,0.05323,0.0528,0.05289,1180881.0
2025-10-10 01:30:00,0.05289,0.05309,0.05275,0.05296,1008688.0
2025-10-10 02:00:00,0.05297,0.05309,0.05259,0.05264,1362332.0
2025-10-10 02:30:00,0.05265,0.05272,0.05235,0.05243,743633.0
2025-10-10 03:00:00,0.05244,0.05259,0.05212,0.05253,1209295.0
2025-10-10 03:30:00,0.05256,0.05282,0.05245,0.05261,985881.0
2025-10-10 04:00:00,0.05259,0.05299,0.05257,0.05269,1195054.0
2025-10-10 04:30:00,0.05269,0.05315,0.05195,0.05229,2670297.0
2025-10-10 05:00:00,0.05228,0.05298,0.05212,0.05276,1488532.0
2025-10-10 05:30:00,0.05277,0.05322,0.0526,0.05317,1475879.0
2025-10-10 06:00:00,0.05317,0.05334,0.05269,0.0527,1045526.0
2025-10-10 06:30:00,0.0527,0.05298,0.05252,0.05266,1098292.0
2025-10-10 07:00:00,0.05266,0.05286,0.05232,0.0528,1696003.0
2025-10-10 07:30:00,0.05277,0.05277,0.05201,0.05219,2022373.0
2025-10-10 08:00:00,0.0522,0.05301,0.05208,0.0528,1832094.0
2025-10-10 08:30:00,0.05278,0.05317,0.05263,0.05308,1175161.0
2025-10-10 09:00:00,0.05306,0.05314,0.05265,0.05295,1625145.0
2025-10-10 09:30:00,0.05296,0.05316,0.05271,0.05273,2208140.0
2025-10-10 10:00:00,0.05273,0.05299,0.0527,0.05277,1100696.0
2025-10-10 10:30:00,0.05276,0.05306,0.05273,0.05301,513482.0
2025-10-10 11:00:00,0.053,0.05316,0.05277,0.05296,1157737.0
2025-10-10 11:30:00,0.05297,0.05306,0.05275,0.05289,1161808.0
2025-10-10 12:00:00,0.05288,0.05302,0.05256,0.05295,1325967.0
2025-10-10 12:30:00,0.05294,0.0533,0.05285,0.0529,1656992.0
2025-10-10 13:00:00,0.05292,0.0534,0.05291,0.05326,1304224.0
2025-10-10 13:30:00,0.05326,0.05367,0.053,0.05315,1677184.0
2025-10-10 14:00:00,0.05315,0.05355,0.05285,0.05292,1893756.0
2025-10-10 14:30:00,0.05291,0.05304,0.05226,0.0524,3638707.0
2025-10-10 15:00:00,0.05241,0.05256,0.05069,0.05089,13420640.0
2025-10-10 15:30:00,0.05087,0.05094,0.04974,0.04994,14545257.0
2025-10-10 16:00:00,0.04992,0.05173,0.0496,0.05106,5543942.0
2025-10-10 16:30:00,0.05105,0.05177,0.05101,0.05126,3037482.0
2025-10-10 17:00:00,0.05126,0.05133,0.05078,0.05114,1596504.0
2025-10-10 17:30:00,0.05114,0.0513,0.05039,0.05059,2030615.0
2025-10-10 18:00:00,0.05058,0.0507,0.05029,0.05057,1715352.0
2025-10-10 18:30:00,0.05056,0.05071,0.05026,0.05051,1666535.0
2025-10-10 19:00:00,0.05052,0.05075,0.04971,0.04974,2405959.0
2025-10-10 19:30:00,0.04977,0.05055,0.04974,0.05027,2597002.0
2025-10-10 20:00:00,0.05026,0.05077,0.05012,0.05072,1461492.0
2025-10-10 20:30:00,0.05073,0.05134,0.0418,0.04254,31681254.0
2025-10-10 21:00:00,0.04255,0.05344,0.02634,0.03525,91109938.0
2025-10-10 21:30:00,0.03524,0.04689,0.03235,0.03893,26052220.0
2025-10-10 22:00:00,0.03893,0.04988,0.03139,0.03287,37771803.0
2025-10-10 22:30:00,0.03224,0.03987,0.02684,0.03339,29415392.0
2025-10-10 23:00:00,0.03339,0.04088,0.03282,0.03848,19105659.0
2025-10-10 23:30:00,0.03847,0.03999,0.03606,0.03751,11916257.0
2025-10-11 00:00:00,0.03758,0.03948,0.03686,0.03923,8916893.0
2025-10-11 00:30:00,0.03921,0.04068,0.0385,0.03888,5977924.0
2025-10-11 01:00:00,0.03881,0.03888,0.0371,0.03732,4871292.0
2025-10-11 01:30:00,0.03733,0.0378,0.03587,0.03608,5134526.0
2025-10-11 02:00:00,0.03607,0.0377,0.03607,0.03762,4721776.0
2025-10-11 02:30:00,0.03762,0.03823,0.0368,0.03809,5297972.0
2025-10-11 03:00:00,0.03806,0.03838,0.03694,0.03769,8052379.0
2025-10-11 03:30:00,0.0377,0.03818,0.03695,0.038,4549856.0
2025-10-11 04:00:00,0.03799,0.03843,0.03772,0.03832,5505432.0
2025-10-11 04:30:00,0.03832,0.03921,0.03815,0.03906,2071408.0
2025-10-11 05:00:00,0.03907,0.04605,0.03895,0.03906,29515768.0
2025-10-11 05:30:00,0.03905,0.0407,0.03892,0.04011,7833071.0
2025-10-11 06:00:00,0.04016,0.04056,0.03993,0.04045,4959822.0
2025-10-11 06:30:00,0.04046,0.04213,0.03971,0.04003,6954955.0
2025-10-11 07:00:00,0.04004,0.04007,0.03782,0.03918,8046583.0
2025-10-11 07:30:00,0.03921,0.03992,0.0383,0.03925,4720144.0
2025-10-11 08:00:00,0.03926,0.03937,0.03817,0.03909,4610344.0
2025-10-11 08:30:00,0.03906,0.04069,0.03861,0.04024,4069655.0
2025-10-11 09:00:00,0.04024,0.04119,0.03998,0.04074,4006723.0
2025-10-11 09:30:00,0.04076,0.04094,0.03998,0.04016,4699186.0
2025-10-11 10:00:00,0.04016,0.04077,0.04009,0.04069,1913651.0
2025-10-11 10:30:00,0.04069,0.04086,0.04033,0.04069,2791600.0
2025-10-11 11:00:00,0.04069,0.0408,0.03991,0.04034,2348254.0
2025-10-11 11:30:00,0.04033,0.04055,0.0401,0.0405,1386108.0
2025-10-11 12:00:00,0.0405,0.04084,0.03973,0.03991,3350613.0
2025-10-11 12:30:00,0.03991,0.04009,0.03959,0.03992,1594148.0
2025-10-11 13:00:00,0.03993,0.04023,0.03936,0.03956,2351374.0
2025-10-11 13:30:00,0.03956,0.04019,0.03886,0.03964,3646952.0
2025-10-11 14:00:00,0.03965,0.03984,0.03901,0.03912,5998117.0
2025-10-11 14:30:00,0.0391,0.0394,0.03883,0.03929,2879400.0
2025-10-11 15:00:00,0.0393,0.03981,0.03917,0.03927,2254330.0
2025-10-11 15:30:00,0.03926,0.03928,0.03848,0.03863,3865956.0
2025-10-11 16:00:00,0.03863,0.0393,0.03861,0.0387,2333013.0
2025-10-11 16:30:00,0.03869,0.03918,0.03833,0.03906,2322528.0
2025-10-11 17:00:00,0.03907,0.03975,0.03905,0.03959,3117403.0
2025-10-11 17:30:00,0.03958,0.03958,0.03923,0.03936,1225363.0
2025-10-11 18:00:00,0.03936,0.03953,0.03878,0.03892,1191495.0
2025-10-11 18:30:00,0.03892,0.03901,0.03852,0.03853,850978.0
2025-10-11 19:00:00,0.03853,0.03875,0.03746,0.03792,4363038.0
2025-10-11 19:30:00,0.03792,0.03824,0.03727,0.03749,3010431.0
2025-10-11 20:00:00,0.03749,0.03789,0.03725,0.03774,3191746.0
2025-10-11 20:30:00,0.03774,0.03795,0.03712,0.03737,2244606.0
2025-10-11 21:00:00,0.03737,0.03744,0.03667,0.03718,3916660.0
2025-10-11 21:30:00,0.03719,0.03839,0.03717,0.0379,2261042.0
2025-10-11 22:00:00,0.0379,0.0382,0.03756,0.03779,2477557.0
2025-10-11 22:30:00,0.0378,0.03822,0.03777,0.03787,1877899.0
2025-10-11 23:00:00,0.03787,0.03831,0.03768,0.03781,2122909.0
2025-10-11 23:30:00,0.03781,0.03792,0.03759,0.03771,1391021.0
2025-10-12 00:00:00,0.03771,0.03799,0.03698,0.0375,2172044.0
2025-10-12 00:30:00,0.0375,0.03795,0.03699,0.03762,3066438.0
2025-10-12 01:00:00,0.03764,0.03781,0.0372,0.03727,1906644.0
2025-10-12 01:30:00,0.03727,0.03788,0.0371,0.03743,1604943.0
2025-10-12 02:00:00,0.03743,0.03781,0.03711,0.03767,2661315.0
2025-10-12 02:30:00,0.03768,0.03791,0.03708,0.03734,2339496.0
2025-10-12 03:00:00,0.03734,0.03787,0.03721,0.03775,1674907.0
2025-10-12 03:30:00,0.03775,0.03821,0.03744,0.03759,2045084.0
2025-10-12 04:00:00,0.03759,0.03801,0.03753,0.03787,1832239.0
2025-10-12 04:30:00,0.03788,0.03797,0.03752,0.03762,1499839.0
2025-10-12 05:00:00,0.03762,0.03798,0.03756,0.03784,1165956.0
2025-10-12 05:30:00,0.03783,0.03804,0.03778,0.0378,644166.0
2025-10-12 06:00:00,0.0378,0.03808,0.03778,0.03786,1132771.0
2025-10-12 06:30:00,0.03786,0.03797,0.03766,0.03793,1152274.0
2025-10-12 07:00:00,0.03793,0.03814,0.03782,0.03789,1223323.0
2025-10-12 07:30:00,0.03789,0.03805,0.03778,0.03792,723416.0
2025-10-12 08:00:00,0.03792,0.03806,0.03758,0.03769,3415166.0
2025-10-12 08:30:00,0.0377,0.03786,0.03741,0.03743,2066550.0
2025-10-12 09:00:00,0.03743,0.03753,0.03716,0.03729,1183681.0
2025-10-12 09:30:00,0.0373,0.03771,0.03723,0.03764,1360391.0
2025-10-12 10:00:00,0.03764,0.03808,0.03743,0.03778,1763132.0
2025-10-12 10:30:00,0.03778,0.03793,0.0376,0.03762,673768.0
2025-10-12 11:00:00,0.03766,0.03814,0.03764,0.03779,1438654.0
2025-10-12 11:30:00,0.03779,0.03824,0.03779,0.03791,1368483.0
2025-10-12 12:00:00,0.03791,0.03823,0.03779,0.038,2051373.0
2025-10-12 12:30:00,0.038,0.03812,0.03748,0.03756,2022337.0
2025-10-12 13:00:00,0.03756,0.03775,0.03724,0.03741,1721303.0
2025-10-12 13:30:00,0.03742,0.03749,0.0368,0.03702,3173728.0
2025-10-12 14:00:00,0.03702,0.03739,0.03696,0.03717,2059257.0
2025-10-12 14:30:00,0.03717,0.03841,0.0369,0.0383,6366998.0
2025-10-12 15:00:00,0.03828,0.03895,0.03741,0.03888,11066914.0
2025-10-12 15:30:00,0.03888,0.0392,0.03826,0.03885,3225317.0
2025-10-12 16:00:00,0.03884,0.03962,0.03877,0.03948,2787436.0
2025-10-12 16:30:00,0.03948,0.04045,0.03896,0.03996,6242990.0
2025-10-12 17:00:00,0.03996,0.04122,0.03933,0.03984,4924269.0
2025-10-12 17:30:00,0.03984,0.04003,0.03885,0.0393,3318361.0
2025-10-12 18:00:00,0.0393,0.03955,0.03857,0.03869,2872252.0
2025-10-12 18:30:00,0.03869,0.04037,0.03828,0.03937,3387528.0
2025-10-12 19:00:00,0.03939,0.03974,0.03915,0.03945,2095653.0
2025-10-12 19:30:00,0.03945,0.04006,0.03942,0.0398,1222341.0
2025-10-12 20:00:00,0.0398,0.04001,0.03922,0.0399,2322486.0
2025-10-12 20:30:00,0.03992,0.0415,0.03962,0.04033,5140096.0
2025-10-12 21:00:00,0.0403,0.04068,0.03975,0.03999,2774182.0
2025-10-12 21:30:00,0.03996,0.04023,0.03945,0.0401,2047275.0
2025-10-12 22:00:00,0.0401,0.04036,0.03977,0.04005,1214046.0
2025-10-12 22:30:00,0.04007,0.04036,0.03995,0.04033,1189355.0
2025-10-12 23:00:00,0.04032,0.04032,0.03951,0.03972,2685564.0
2025-10-12 23:30:00,0.03972,0.04008,0.03953,0.04001,1616201.0
2025-10-13 00:00:00,0.03999,0.04,0.03935,0.03963,2393219.0
2025-10-13 00:30:00,0.0396,0.03963,0.03913,0.03933,1410465.0
2025-10-13 01:00:00,0.03936,0.03976,0.0392,0.03961,1195144.0
2025-10-13 01:30:00,0.03961,0.04008,0.03961,0.0399,1483589.0
2025-10-13 02:00:00,0.03989,0.04029,0.03975,0.03997,2616238.0
2025-10-13 02:30:00,0.04002,0.04033,0.04,0.04014,1833561.0
2025-10-13 03:00:00,0.04015,0.04053,0.03999,0.04049,1681608.0
2025-10-13 03:30:00,0.0405,0.04068,0.04024,0.04045,1540206.0
2025-10-13 04:00:00,0.04047,0.0407,0.04026,0.0403,1250419.0
2025-10-13 04:30:00,0.04029,0.04063,0.04013,0.04049,793050.0
2025-10-13 05:00:00,0.04047,0.04302,0.04014,0.04048,5832856.0
2025-10-13 05:30:00,0.04047,0.04073,0.0403,0.04063,1069437.0
2025-10-13 06:00:00,0.04062,0.04119,0.04038,0.04074,2401293.0
2025-10-13 06:30:00,0.04073,0.04109,0.04057,0.04097,2031514.0
2025-10-13 07:00:00,0.04095,0.04147,0.04083,0.04089,2729833.0
2025-10-13 07:30:00,0.04089,0.04168,0.04077,0.04161,3394158.0
2025-10-13 08:00:00,0.04161,0.04211,0.04146,0.04162,4332861.0
2025-10-13 08:30:00,0.04163,0.04205,0.04142,0.04189,2382606.0
2025-10-13 09:00:00,0.04188,0.04197,0.0407,0.04083,2976433.0
2025-10-13 09:30:00,0.04083,0.04138,0.04058,0.04121,2333134.0
2025-10-13 10:00:00,0.0412,0.04171,0.04113,0.04125,2062670.0
2025-10-13 10:30:00,0.04125,0.04137,0.04075,0.04116,2117952.0
2025-10-13 11:00:00,0.04116,0.04158,0.03983,0.03986,6068510.0
2025-10-13 11:30:00,0.03992,0.0405,0.03944,0.04031,6835814.0
2025-10-13 12:00:00,0.0403,0.0409,0.04004,0.04034,3644832.0
2025-10-13 12:30:00,0.04033,0.04078,0.03998,0.04001,2713142.0
2025-10-13 13:00:00,0.04002,0.04051,0.03981,0.04031,1837956.0
2025-10-13 13:30:00,0.04031,0.04124,0.04031,0.0411,4418895.0
2025-10-13 14:00:00,0.04109,0.04123,0.04043,0.04059,2383511.0
2025-10-13 14:30:00,0.04054,0.04083,0.0398,0.04027,3089087.0
2025-10-13 15:00:00,0.04025,0.04065,0.04024,0.04044,1699487.0
2025-10-13 15:30:00,0.04043,0.04058,0.04001,0.04025,1405585.0
2025-10-13 16:00:00,0.04024,0.04073,0.04009,0.04063,1800251.0
2025-10-13 16:30:00,0.04062,0.04096,0.04045,0.04076,1754413.0
2025-10-13 17:00:00,0.04077,0.04107,0.04037,0.04043,2889422.0
2025-10-13 17:30:00,0.04049,0.04125,0.04025,0.04108,1871822.0
2025-10-13 18:00:00,0.04115,0.04124,0.04058,0.04092,2405813.0
2025-10-13 18:30:00,0.04093,0.04114,0.04074,0.04091,1436220.0
2025-10-13 19:00:00,0.04089,0.04123,0.04066,0.04114,1487853.0
2025-10-13 19:30:00,0.04114,0.0412,0.04066,0.04087,2005597.0
2025-10-13 20:00:00,0.04088,0.04104,0.04059,0.04074,835693.0
2025-10-13 20:30:00,0.04073,0.0414,0.04071,0.04135,858922.0
2025-10-13 21:00:00,0.04134,0.04162,0.04125,0.04148,847795.0
2025-10-13 21:30:00,0.04147,0.04167,0.04136,0.04144,824470.0
2025-10-13 22:00:00,0.04145,0.04155,0.04094,0.04107,1154190.0
2025-10-13 22:30:00,0.04108,0.04144,0.04096,0.04125,803671.0
2025-10-13 23:00:00,0.04124,0.04146,0.04098,0.0414,898300.0
2025-10-13 23:30:00,0.04139,0.04152,0.04118,0.04152,893596.0
2025-10-14 00:00:00,0.04152,0.04168,0.04134,0.04159,973230.0
2025-10-14 00:30:00,0.0416,0.04164,0.04104,0.04132,1983278.0
2025-10-14 01:00:00,0.04133,0.04139,0.04101,0.04118,1319683.0
2025-10-14 01:30:00,0.04119,0.0414,0.04106,0.04117,679088.0
2025-10-14 02:00:00,0.04115,0.04142,0.04089,0.04137,1419267.0
2025-10-14 02:30:00,0.0414,0.04159,0.04113,0.04117,1073720.0
2025-10-14 03:00:00,0.04118,0.04119,0.04046,0.04091,2673364.0
2025-10-14 03:30:00,0.04092,0.04155,0.04079,0.04089,2502867.0
2025-10-14 04:00:00,0.04089,0.0411,0.0406,0.04085,2067683.0
2025-10-14 04:30:00,0.04085,0.04087,0.03974,0.04025,3948341.0
2025-10-14 05:00:00,0.04021,0.04028,0.03958,0.03997,2941714.0
2025-10-14 05:30:00,0.03995,0.04003,0.0395,0.03954,1373072.0
2025-10-14 06:00:00,0.03954,0.03973,0.03914,0.03933,1830982.0
2025-10-14 06:30:00,0.03932,0.03941,0.03816,0.03899,5277895.0
2025-10-14 07:00:00,0.03899,0.03915,0.03844,0.03888,2577206.0
2025-10-14 07:30:00,0.03885,0.03885,0.03824,0.03844,1409881.0
2025-10-14 08:00:00,0.03844,0.03855,0.03816,0.03849,2199223.0
2025-10-14 08:30:00,0.0385,0.039,0.0381,0.03886,2865127.0
2025-10-14 09:00:00,0.03885,0.03912,0.03872,0.03899,1223271.0
2025-10-14 09:30:00,0.039,0.0392,0.0388,0.03916,1169208.0
2025-10-14 10:00:00,0.03914,0.03923,0.038,0.03836,3338303.0
2025-10-14 10:30:00,0.03837,0.03869,0.03712,0.03864,5737652.0
2025-10-14 11:00:00,0.03865,0.0391,0.03857,0.03892,2657750.0
2025-10-14 11:30:00,0.03891,0.03932,0.03882,0.03897,1526014.0
2025-10-14 12:00:00,0.03895,0.03895,0.03852,0.0387,1155205.0
2025-10-14 12:30:00,0.03871,0.0388,0.0384,0.03869,1105818.0
2025-10-14 13:00:00,0.03868,0.03912,0.03856,0.03881,1537911.0
2025-10-14 13:30:00,0.03881,0.03916,0.0384,0.03916,2730954.0
2025-10-14 14:00:00,0.03915,0.04,0.03905,0.03993,2992857.0
2025-10-14 14:30:00,0.0399,0.04018,0.03964,0.03993,1958444.0
2025-10-14 15:00:00,0.03994,0.04002,0.03914,0.0396,2422446.0
2025-10-14 15:30:00,0.03959,0.0405,0.0395,0.04047,2181113.0
2025-10-14 16:00:00,0.04046,0.04107,0.04025,0.04087,4149958.0
2025-10-14 16:30:00,0.04086,0.04095,0.03969,0.04002,2656321.0
2025-10-14 17:00:00,0.03999,0.04061,0.03956,0.04036,2617265.0
2025-10-14 17:30:00,0.04038,0.04058,0.04,0.0403,1997327.0
2025-10-14 18:00:00,0.04032,0.04061,0.04012,0.04014,1028296.0
2025-10-14 18:30:00,0.04013,0.04031,0.04001,0.04018,696414.0
2025-10-14 19:00:00,0.04019,0.04034,0.04012,0.04019,601902.0
2025-10-14 19:30:00,0.04019,0.04024,0.03944,0.03996,3088025.0
2025-10-14 20:00:00,0.03994,0.04047,0.03989,0.04034,1290688.0
2025-10-14 20:30:00,0.04033,0.04035,0.04004,0.04025,567989.0
2025-10-14 21:00:00,0.04024,0.04043,0.03972,0.04012,836279.0
2025-10-14 21:30:00,0.04013,0.04077,0.04011,0.04067,1760178.0
2025-10-14 22:00:00,0.04068,0.0409,0.04039,0.04048,1049259.0
2025-10-14 22:30:00,0.04048,0.04067,0.04028,0.04046,537701.0
2025-10-14 23:00:00,0.04045,0.04062,0.04039,0.04049,871412.0
2025-10-14 23:30:00,0.04049,0.04054,0.04023,0.04026,757012.0
2025-10-15 00:00:00,0.04025,0.04044,0.03991,0.04034,1602026.0
2025-10-15 00:30:00,0.04033,0.04053,0.04017,0.04036,1420928.0
2025-10-15 01:00:00,0.04036,0.04041,0.03983,0.04,1763309.0
2025-10-15 01:30:00,0.03999,0.04006,0.03981,0.04005,766480.0
2025-10-15 02:00:00,0.04004,0.04027,0.03982,0.04013,1462749.0
2025-10-15 02:30:00,0.04013,0.04027,0.0398,0.0399,983891.0
2025-10-15 03:00:00,0.0399,0.03995,0.03955,0.03971,1515625.0
2025-10-15 03:30:00,0.03971,0.03988,0.03952,0.03972,1030834.0
2025-10-15 04:00:00,0.03977,0.04015,0.0396,0.03999,1068714.0
2025-10-15 04:30:00,0.04001,0.04017,0.03989,0.04002,995637.0
2025-10-15 05:00:00,0.04003,0.04041,0.03999,0.04024,1341921.0
2025-10-15 05:30:00,0.04025,0.04037,0.03995,0.04007,1117799.0
2025-10-15 06:00:00,0.04007,0.04033,0.03971,0.03996,2259884.0
2025-10-15 06:30:00,0.03995,0.04049,0.03987,0.04025,1338160.0
2025-10-15 07:00:00,0.04025,0.04063,0.04005,0.04036,1664870.0
2025-10-15 07:30:00,0.04036,0.04052,0.04025,0.04046,1387548.0
2025-10-15 08:00:00,0.04046,0.04083,0.04031,0.04073,2086447.0
2025-10-15 08:30:00,0.0407,0.04105,0.04041,0.04049,1847919.0
2025-10-15 09:00:00,0.0405,0.04082,0.04036,0.04038,1266522.0
2025-10-15 09:30:00,0.04036,0.04052,0.04015,0.04025,880867.0
2025-10-15 10:00:00,0.04024,0.04034,0.04014,0.04034,916077.0
2025-10-15 10:30:00,0.04035,0.04038,0.04,0.04024,783635.0
2025-10-15 11:00:00,0.04022,0.04032,0.03984,0.0401,2131288.0
2025-10-15 11:30:00,0.04008,0.04009,0.03984,0.03993,536648.0
2025-10-15 12:00:00,0.03993,0.04005,0.0397,0.03973,1808270.0
2025-10-15 12:30:00,0.03973,0.0399,0.03934,0.03983,2850261.0
2025-10-15 13:00:00,0.03984,0.03992,0.03953,0.03961,1954657.0
2025-10-15 13:30:00,0.03961,0.03999,0.03921,0.03982,4924740.0
2025-10-15 14:00:00,0.03986,0.04034,0.03976,0.04021,3478831.0
2025-10-15 14:30:00,0.04022,0.04026,0.03945,0.03968,3359774.0
2025-10-15 15:00:00,0.03967,0.04004,0.03937,0.03965,2409718.0
2025-10-15 15:30:00,0.03965,0.03971,0.03851,0.03874,4863786.0
2025-10-15 16:00:00,0.03873,0.03904,0.03844,0.03888,2914168.0
2025-10-15 16:30:00,0.03887,0.03918,0.0386,0.0389,2091768.0
2025-10-15 17:00:00,0.0389,0.03902,0.03859,0.03867,1778274.0
2025-10-15 17:30:00,0.03867,0.03918,0.03856,0.03907,691168.0
2025-10-15 18:00:00,0.03906,0.03928,0.03878,0.03911,656426.0
2025-10-15 18:30:00,0.03911,0.03953,0.03907,0.0394,834558.0
2025-10-15 19:00:00,0.03939,0.03942,0.03911,0.03935,977134.0
2025-10-15 19:30:00,0.03937,0.03946,0.03878,0.03898,1813717.0
2025-10-15 20:00:00,0.03898,0.03959,0.03887,0.03894,3046385.0
2025-10-15 20:30:00,0.03895,0.0391,0.03814,0.03869,2603486.0
2025-10-15 21:00:00,0.03871,0.03895,0.03829,0.03878,1783928.0
2025-10-15 21:30:00,0.03878,0.03919,0.03855,0.03863,1404560.0
2025-10-15 22:00:00,0.03863,0.03905,0.03854,0.03886,694437.0
2025-10-15 22:30:00,0.03888,0.03893,0.03849,0.03864,615965.0
2025-10-15 23:00:00,0.03863,0.03922,0.03863,0.03907,1044042.0
2025-10-15 23:30:00,0.03904,0.03932,0.03904,0.0392,547880.0
2025-10-16 00:00:00,0.03921,0.03936,0.03884,0.03913,1376169.0
2025-10-16 00:30:00,0.0391,0.03922,0.03872,0.0388,1287401.0
2025-10-16 01:00:00,0.0388,0.03975,0.03874,0.03958,2983206.0
2025-10-16 01:30:00,0.03958,0.03982,0.03938,0.03977,940470.0
2025-10-16 02:00:00,0.03977,0.04002,0.0394,0.03962,2400007.0
2025-10-16 02:30:00,0.03962,0.03968,0.03909,0.03963,1309836.0
2025-10-16 03:00:00,0.03965,0.03991,0.03953,0.03978,1638032.0
2025-10-16 03:30:00,0.03979,0.03979,0.03942,0.03954,812423.0
2025-10-16 04:00:00,0.03953,0.03985,0.03949,0.03972,468595.0
2025-10-16 04:30:00,0.03972,0.03972,0.03914,0.03944,1160383.0
2025-10-16 05:00:00,0.03942,0.03972,0.03925,0.03936,1254524.0
2025-10-16 05:30:00,0.03935,0.03956,0.03882,0.03929,1386233.0
2025-10-16 06:00:00,0.03928,0.03956,0.03917,0.03942,1386519.0
2025-10-16 06:30:00,0.0395,0.03979,0.03932,0.03976,1576981.0
2025-10-16 07:00:00,0.03973,0.03978,0.03927,0.03927,602807.0
2025-10-16 07:30:00,0.03928,0.03957,0.03926,0.03933,873140.0
2025-10-16 08:00:00,0.03933,0.03938,0.03908,0.03916,1077705.0
2025-10-16 08:30:00,0.03914,0.03945,0.03892,0.03922,1085164.0
2025-10-16 09:00:00,0.03922,0.03949,0.03911,0.03913,593539.0
2025-10-16 09:30:00,0.03912,0.04008,0.038,0.0396,8604945.0
2025-10-16 10:00:00,0.03959,0.04033,0.03945,0.04011,2522782.0
2025-10-16 10:30:00,0.04009,0.0402,0.03986,0.04009,1458850.0
2025-10-16 11:00:00,0.04007,0.04034,0.03984,0.04001,1816503.0
2025-10-16 11:30:00,0.04002,0.0504,0.03986,0.05016,105207643.0
2025-10-16 12:00:00,0.05023,0.05222,0.04679,0.0504,170928042.0
2025-10-16 12:30:00,0.05042,0.05091,0.04555,0.0481,80809911.0
2025-10-16 13:00:00,0.0481,0.04857,0.04332,0.04655,54228122.0
2025-10-16 13:30:00,0.04656,0.04675,0.04233,0.04296,39345002.0
2025-10-16 14:00:00,0.04295,0.04412,0.04203,0.04299,28442251.0
2025-10-16 14:30:00,0.04298,0.04427,0.04215,0.04276,16920760.0
2025-10-16 15:00:00,0.04271,0.04557,0.04247,0.04423,30493197.0
2025-10-16 15:30:00,0.04424,0.04494,0.04101,0.04156,28361150.0
2025-10-16 16:00:00,0.0416,0.04241,0.03977,0.04045,27855133.0
2025-10-16 16:30:00,0.04043,0.04157,0.04007,0.04146,7665149.0
2025-10-16 17:00:00,0.04147,0.04337,0.04043,0.0424,11208276.0
2025-10-16 17:30:00,0.04237,0.04382,0.04212,0.04292,15507622.0
2025-10-16 18:00:00,0.0429,0.04302,0.04166,0.04244,6810717.0
2025-10-16 18:30:00,0.04245,0.04314,0.04194,0.04292,6327192.0
2025-10-16 19:00:00,0.04291,0.04311,0.04215,0.0426,4670732.0
2025-10-16 19:30:00,0.04262,0.04275,0.0416,0.04221,7589143.0
2025-10-16 20:00:00,0.04221,0.04256,0.04152,0.04206,4993544.0
2025-10-16 20:30:00,0.04208,0.04252,0.04141,0.04213,3688546.0
2025-10-16 21:00:00,0.04214,0.04215,0.04113,0.04149,4669581.0
2025-10-16 21:30:00,0.04151,0.0427,0.04136,0.04252,3859674.0
2025-10-16 22:00:00,0.04251,0.04538,0.0425,0.04407,35294886.0
2025-10-16 22:30:00,0.04406,0.04415,0.04175,0.04248,15653414.0
2025-10-16 23:00:00,0.04245,0.04395,0.04231,0.04373,6251092.0
2025-10-16 23:30:00,0.04374,0.04497,0.04336,0.04484,12973879.0
2025-10-17 00:00:00,0.04487,0.0474,0.04428,0.04662,30794597.0
2025-10-17 00:30:00,0.04657,0.04679,0.04398,0.04501,23470120.0
2025-10-17 01:00:00,0.04506,0.04559,0.04361,0.04424,12627027.0
2025-10-17 01:30:00,0.04425,0.04536,0.04364,0.04498,10658002.0
2025-10-17 02:00:00,0.04499,0.0457,0.0445,0.04526,10972288.0
2025-10-17 02:30:00,0.04526,0.04537,0.04412,0.04459,6571313.0
2025-10-17 03:00:00,0.04459,0.04654,0.04419,0.04529,11243136.0
2025-10-17 03:30:00,0.0453,0.04575,0.0445,0.04556,7054639.0
2025-10-17 04:00:00,0.04554,0.04678,0.04483,0.04674,12358467.0
2025-10-17 04:30:00,0.0467,0.0475,0.04593,0.04602,22176551.0
2025-10-17 05:00:00,0.04608,0.04644,0.04511,0.04581,13353710.0
2025-10-17 05:30:00,0.04578,0.04665,0.04477,0.04628,14254901.0
2025-10-17 06:00:00,0.04628,0.04697,0.0451,0.04549,15264108.0
2025-10-17 06:30:00,0.04549,0.04549,0.03944,0.04296,49441560.0
2025-10-17 07:00:00,0.04298,0.04316,0.04024,0.04208,29617512.0
2025-10-17 07:30:00,0.04206,0.04266,0.04103,0.04147,13867317.0
2025-10-17 08:00:00,0.04149,0.04167,0.04008,0.04079,16980010.0
2025-10-17 08:30:00,0.04079,0.0414,0.0401,0.04038,10716804.0
2025-10-17 09:00:00,0.04038,0.04125,0.03974,0.04078,8637310.0
2025-10-17 09:30:00,0.0408,0.04244,0.04077,0.04129,12938042.0
2025-10-17 10:00:00,0.04129,0.04199,0.04064,0.04127,7176557.0
2025-10-17 10:30:00,0.04128,0.04291,0.04116,0.0426,8818444.0
2025-10-17 11:00:00,0.04261,0.0444,0.04256,0.04384,19358881.0
2025-10-17 11:30:00,0.04386,0.04405,0.04284,0.04341,10606170.0
2025-10-17 12:00:00,0.04342,0.04379,0.04253,0.04298,9609310.0
2025-10-17 12:30:00,0.04297,0.04307,0.04236,0.04252,3849147.0
2025-10-17 13:00:00,0.04254,0.04261,0.04146,0.04178,6304201.0
2025-10-17 13:30:00,0.04178,0.04211,0.04087,0.04154,11898102.0
2025-10-17 14:00:00,0.04153,0.04166,0.0405,0.0409,5995216.0
2025-10-17 14:30:00,0.04086,0.04151,0.04013,0.04096,7951864.0
2025-10-17 15:00:00,0.04093,0.04175,0.04057,0.0417,5162366.0
2025-10-17 15:30:00,0.04168,0.04194,0.04065,0.04185,8447036.0
2025-10-17 16:00:00,0.04184,0.04256,0.04133,0.04182,6303419.0
2025-10-17 16:30:00,0.0418,0.04226,0.0414,0.04175,4211721.0
2025-10-17 17:00:00,0.04173,0.04186,0.04089,0.04144,3906457.0
2025-10-17 17:30:00,0.04145,0.04207,0.04122,0.04189,2347169.0
2025-10-17 18:00:00,0.04188,0.0425,0.04168,0.04235,2519473.0
2025-10-17 18:30:00,0.04234,0.04253,0.04208,0.04244,1724094.0
2025-10-17 19:00:00,0.04242,0.04245,0.04186,0.04222,2759357.0
2025-10-17 19:30:00,0.04221,0.04291,0.04209,0.0425,4132025.0
2025-10-17 20:00:00,0.04251,0.04295,0.04208,0.04266,2688663.0
2025-10-17 20:30:00,0.04265,0.04271,0.04204,0.04208,1366586.0
2025-10-17 21:00:00,0.04209,0.04251,0.04202,0.04224,1359884.0
2025-10-17 21:30:00,0.04225,0.0424,0.04201,0.04239,1275210.0
2025-10-17 22:00:00,0.04239,0.04277,0.04156,0.04188,2596596.0
2025-10-17 22:30:00,0.04188,0.04189,0.0414,0.04152,1241446.0
2025-10-17 23:00:00,0.04151,0.04152,0.04091,0.04098,3401764.0
2025-10-17 23:30:00,0.04096,0.04145,0.0408,0.04124,2745240.0
2025-10-18 00:00:00,0.04123,0.04233,0.04119,0.04187,5593265.0
2025-10-18 00:30:00,0.04186,0.04193,0.04135,0.04137,1828812.0
2025-10-18 01:00:00,0.04138,0.04233,0.04105,0.04208,5209811.0
2025-10-18 01:30:00,0.0421,0.04214,0.04119,0.04155,3656515.0
2025-10-18 02:00:00,0.04153,0.04155,0.04028,0.04083,4996776.0
2025-10-18 02:30:00,0.04082,0.0411,0.04064,0.04091,1729922.0
2025-10-18 03:00:00,0.04091,0.04115,0.04062,0.04109,1976458.0
2025-10-18 03:30:00,0.04109,0.04154,0.04098,0.04133,1575542.0
2025-10-18 04:00:00,0.04134,0.04165,0.04102,0.04127,2028164.0
2025-10-18 04:30:00,0.04129,0.04129,0.04061,0.04099,1574923.0
2025-10-18 05:00:00,0.04098,0.04129,0.04062,0.0408,2558063.0
2025-10-18 05:30:00,0.04077,0.04119,0.04059,0.04107,1740614.0
2025-10-18 06:00:00,0.04106,0.04176,0.04097,0.04153,2804752.0
2025-10-18 06:30:00,0.04154,0.04178,0.0412,0.04156,2855983.0
2025-10-18 07:00:00,0.04158,0.04207,0.04082,0.04123,5770547.0
2025-10-18 07:30:00,0.04122,0.0414,0.04096,0.04102,1603387.0
2025-10-18 08:00:00,0.04109,0.04175,0.04103,0.04158,1977643.0
2025-10-18 08:30:00,0.04157,0.04163,0.04102,0.04129,1897996.0
2025-10-18 09:00:00,0.04129,0.04156,0.0412,0.04156,1300821.0
2025-10-18 09:30:00,0.04156,0.04191,0.04148,0.04165,2348120.0
2025-10-18 10:00:00,0.04167,0.04176,0.04128,0.04157,1757498.0
2025-10-18 10:30:00,0.04158,0.0418,0.04131,0.04139,2168319.0
2025-10-18 11:00:00,0.04139,0.04172,0.04131,0.04153,2662912.0
2025-10-18 11:30:00,0.04152,0.0419,0.04147,0.04175,1307243.0
2025-10-18 12:00:00,0.04178,0.04188,0.04155,0.04162,1291404.0
2025-10-18 12:30:00,0.04163,0.04191,0.04135,0.04146,3779079.0
2025-10-18 13:00:00,0.04145,0.04146,0.04067,0.04088,5358565.0
2025-10-18 13:30:00,0.04086,0.04101,0.04059,0.04069,4051308.0
2025-10-18 14:00:00,0.04069,0.04084,0.04,0.04036,3569900.0
2025-10-18 14:30:00,0.04038,0.0457,0.04033,0.04252,90889132.0
2025-10-18 15:00:00,0.04252,0.04262,0.0415,0.04162,14405413.0
2025-10-18 15:30:00,0.04162,0.04167,0.04073,0.04125,8956916.0
2025-10-18 16:00:00,0.04124,0.04125,0.04025,0.04053,4240751.0
2025-10-18 16:30:00,0.04054,0.04072,0.04001,0.04056,4518533.0
2025-10-18 17:00:00,0.04054,0.04166,0.04027,0.04112,4265663.0
2025-10-18 17:30:00,0.04116,0.04172,0.04088,0.04111,4645143.0
2025-10-18 18:00:00,0.04111,0.04145,0.04095,0.04134,2520550.0
2025-10-18 18:30:00,0.04132,0.04181,0.04123,0.04141,1047512.0
2025-10-18 19:00:00,0.04137,0.04165,0.04119,0.04159,1361173.0
2025-10-18 19:30:00,0.04161,0.04203,0.04154,0.0418,746596.0
2025-10-18 20:00:00,0.0418,0.04261,0.04164,0.04216,3977757.0
2025-10-18 20:30:00,0.04216,0.04231,0.04177,0.04187,1205158.0
2025-10-18 21:00:00,0.04192,0.0421,0.0413,0.04189,1691892.0
2025-10-18 21:30:00,0.04189,0.04218,0.04174,0.0421,487255.0
2025-10-18 22:00:00,0.04208,0.0423,0.04172,0.04223,1990527.0
2025-10-18 22:30:00,0.04223,0.04254,0.04183,0.04192,1720989.0
2025-10-18 23:00:00,0.04192,0.04205,0.04001,0.04143,6731988.0
2025-10-18 23:30:00,0.04144,0.04179,0.04137,0.04155,1174930.0
2025-10-19 00:00:00,0.04153,0.0417,0.04102,0.04146,1349503.0
2025-10-19 00:30:00,0.04146,0.04154,0.04074,0.04122,1874985.0
2025-10-19 01:00:00,0.0412,0.04136,0.04098,0.04119,884837.0
2025-10-19 01:30:00,0.0412,0.04151,0.04098,0.0414,923900.0
2025-10-19 02:00:00,0.04137,0.04184,0.04128,0.04159,1249979.0
2025-10-19 02:30:00,0.0416,0.04179,0.0412,0.04147,1764989.0
2025-10-19 03:00:00,0.04145,0.04167,0.04109,0.04147,1087432.0
2025-10-19 03:30:00,0.04147,0.042,0.04147,0.04182,1906496.0
2025-10-19 04:00:00,0.04183,0.04196,0.04146,0.04182,1556320.0
2025-10-19 04:30:00,0.04181,0.04197,0.0412,0.04133,1377860.0
2025-10-19 05:00:00,0.04133,0.04184,0.04121,0.04157,1821867.0
2025-10-19 05:30:00,0.04158,0.04191,0.04138,0.04181,1816614.0
2025-10-19 06:00:00,0.04181,0.04191,0.0414,0.04146,919844.0
2025-10-19 06:30:00,0.04146,0.04156,0.04119,0.04137,1333518.0
2025-10-19 07:00:00,0.04137,0.04154,0.04104,0.04154,1759523.0
2025-10-19 07:30:00,0.04154,0.04187,0.04126,0.04147,925860.0
2025-10-19 08:00:00,0.04147,0.042,0.04132,0.04175,3024965.0
2025-10-19 08:30:00,0.04176,0.04177,0.04108,0.04117,1685502.0
2025-10-19 09:00:00,0.04116,0.04127,0.04066,0.04078,1960548.0
2025-10-19 09:30:00,0.04077,0.04247,0.04077,0.04184,4689715.0
2025-10-19 10:00:00,0.04185,0.04258,0.04153,0.04226,2209172.0
2025-10-19 10:30:00,0.04225,0.04247,0.04188,0.0421,1934430.0
2025-10-19 11:00:00,0.04209,0.04237,0.04167,0.04174,2448383.0
2025-10-19 11:30:00,0.04174,0.04187,0.04143,0.04176,1102585.0
2025-10-19 12:00:00,0.04174,0.04239,0.04146,0.04164,2556198.0
2025-10-19 12:30:00,0.04165,0.04222,0.04151,0.04184,901005.0
2025-10-19 13:00:00,0.04185,0.04209,0.04155,0.042,1136527.0
2025-10-19 13:30:00,0.04199,0.04257,0.04185,0.04236,2308078.0
2025-10-19 14:00:00,0.04237,0.04255,0.04187,0.0425,2333050.0
2025-10-19 14:30:00,0.04251,0.04253,0.042,0.04232,1289341.0
2025-10-19 15:00:00,0.0423,0.04241,0.04176,0.04187,2243090.0
2025-10-19 15:30:00,0.04187,0.04205,0.04173,0.04192,1074003.0
2025-10-19 16:00:00,0.04191,0.04201,0.04156,0.04182,1650235.0
2025-10-19 16:30:00,0.04181,0.04241,0.04162,0.04211,2497027.0
2025-10-19 17:00:00,0.04212,0.04247,0.04206,0.04216,1438812.0
2025-10-19 17:30:00,0.04218,0.04244,0.04208,0.04229,711670.0
2025-10-19 18:00:00,0.04228,0.04241,0.04183,0.04195,1422051.0
2025-10-19 18:30:00,0.04193,0.04217,0.04185,0.04213,932667.0
2025-10-19 19:00:00,0.04213,0.04231,0.04185,0.04229,834159.0
2025-10-19 19:30:00,0.04227,0.04239,0.04201,0.04223,749421.0
2025-10-19 20:00:00,0.04226,0.04246,0.04206,0.04215,714757.0
2025-10-19 20:30:00,0.04215,0.04258,0.04211,0.04238,1118223.0
2025-10-19 21:00:00,0.04238,0.04242,0.04138,0.0417,3119741.0
2025-10-19 21:30:00,0.04167,0.0419,0.0416,0.04185,773064.0
2025-10-19 22:00:00,0.04186,0.04194,0.0414,0.04189,1996293.0
2025-10-19 22:30:00,0.04189,0.04226,0.04175,0.04182,1289416.0
2025-10-19 23:00:00,0.04184,0.04186,0.04145,0.04172,1342057.0
2025-10-19 23:30:00,0.0417,0.04173,0.0411,0.04144,1676367.0
2025-10-20 00:00:00,0.04144,0.04144,0.04041,0.04068,4765226.0
2025-10-20 00:30:00,0.04067,0.04072,0.04006,0.04071,4119712.0
2025-10-20 01:00:00,0.04068,0.04172,0.04065,0.04123,3594987.0
2025-10-20 01:30:00,0.04121,0.04136,0.04068,0.04102,2271411.0
2025-10-20 02:00:00,0.04101,0.04208,0.04075,0.04101,8827482.0
2025-10-20 02:30:00,0.04099,0.04157,0.04083,0.04133,3034789.0
2025-10-20 03:00:00,0.04134,0.04169,0.04111,0.04162,2097138.0
2025-10-20 03:30:00,0.04162,0.04209,0.04126,0.04196,3091079.0
2025-10-20 04:00:00,0.04196,0.04218,0.0418,0.04207,2267740.0
2025-10-20 04:30:00,0.04207,0.04226,0.04191,0.04218,1232497.0
2025-10-20 05:00:00,0.04218,0.04231,0.04202,0.04217,1093700.0
2025-10-20 05:30:00,0.04217,0.04245,0.0421,0.04234,994202.0
2025-10-20 06:00:00,0.04234,0.04259,0.04191,0.04243,2141356.0
2025-10-20 06:30:00,0.04243,0.04252,0.04212,0.04241,1679161.0
2025-10-20 07:00:00,0.04237,0.04298,0.04222,0.0424,2609991.0
2025-10-20 07:30:00,0.04241,0.04249,0.04209,0.0424,1328291.0
2025-10-20 08:00:00,0.04242,0.04277,0.04219,0.04252,1632032.0
2025-10-20 08:30:00,0.04255,0.04279,0.04223,0.04229,1158119.0
2025-10-20 09:00:00,0.04229,0.04236,0.04191,0.04227,1919185.0
2025-10-20 09:30:00,0.04225,0.04235,0.04213,0.04219,742931.0
2025-10-20 10:00:00,0.0422,0.04242,0.04207,0.04224,1048500.0
2025-10-20 10:30:00,0.04222,0.04233,0.04193,0.04202,1154781.0
2025-10-20 11:00:00,0.04209,0.04233,0.042,0.04214,728480.0
2025-10-20 11:30:00,0.04212,0.04261,0.04201,0.04236,1766397.0
2025-10-20 12:00:00,0.04234,0.04238,0.0419,0.04224,2291762.0
2025-10-20 12:30:00,0.04227,0.04242,0.04201,0.04223,845441.0
2025-10-20 13:00:00,0.04223,0.04227,0.04201,0.04224,378203.0
2025-10-20 13:30:00,0.04223,0.04259,0.0421,0.04228,3133884.0
2025-10-20 14:00:00,0.04228,0.0424,0.04205,0.0424,2307409.0
2025-10-20 14:30:00,0.04241,0.04252,0.04212,0.04223,1012388.0
2025-10-20 15:00:00,0.04221,0.04236,0.04191,0.04205,1475828.0
2025-10-20 15:30:00,0.04205,0.04206,0.04132,0.04158,4175570.0
2025-10-20 16:00:00,0.04157,0.04159,0.04059,0.04103,4290388.0
2025-10-20 16:30:00,0.04103,0.04119,0.04064,0.04111,1387301.0
2025-10-20 17:00:00,0.04111,0.04132,0.04098,0.04103,516789.0
2025-10-20 17:30:00,0.04102,0.04126,0.04066,0.04104,993123.0
2025-10-20 18:00:00,0.04107,0.04113,0.04074,0.0409,368408.0
2025-10-20 18:30:00,0.04088,0.04097,0.0402,0.04091,2896196.0
2025-10-20 19:00:00,0.0409,0.04104,0.04069,0.04095,776350.0
2025-10-20 19:30:00,0.04092,0.04102,0.04082,0.04094,292820.0
2025-10-20 20:00:00,0.04094,0.0411,0.04083,0.04095,1147433.0
2025-10-20 20:30:00,0.04095,0.04115,0.0409,0.04113,387868.0
2025-10-20 21:00:00,0.04114,0.0416,0.04109,0.04154,766864.0
2025-10-20 21:30:00,0.04152,0.04152,0.04105,0.04105,865870.0
2025-10-20 22:00:00,0.0411,0.04156,0.041,0.0414,1642943.0
2025-10-20 22:30:00,0.04139,0.04148,0.04124,0.04124,456166.0
2025-10-20 23:00:00,0.04127,0.04133,0.04118,0.04124,715275.0
2025-10-20 23:30:00,0.04125,0.04139,0.04118,0.0412,1511609.0
2025-10-21 00:00:00,0.04121,0.04158,0.04119,0.0415,912235.0
2025-10-21 00:30:00,0.04148,0.04165,0.04145,0.04159,988131.0
2025-10-21 01:00:00,0.04158,0.04161,0.04099,0.04151,2457151.0
2025-10-21 01:30:00,0.04151,0.04175,0.0412,0.04127,1128419.0
2025-10-21 02:00:00,0.04127,0.04131,0.04095,0.04122,1551983.0
2025-10-21 02:30:00,0.04122,0.04139,0.04093,0.04121,1489347.0
2025-10-21 03:00:00,0.0413,0.04137,0.04086,0.04095,1203405.0
2025-10-21 03:30:00,0.04095,0.04098,0.04053,0.04075,2272841.0
2025-10-21 04:00:00,0.04075,0.04086,0.04032,0.04052,2042906.0
2025-10-21 04:30:00,0.04053,0.04053,0.03955,0.04003,4031677.0
2025-10-21 05:00:00,0.04002,0.04381,0.03978,0.04239,20133424.0
2025-10-21 05:30:00,0.04241,0.04297,0.041,0.04127,8572840.0
2025-10-21 06:00:00,0.04133,0.04172,0.04055,0.04139,4219718.0
2025-10-21 06:30:00,0.04139,0.04143,0.04085,0.04117,1906699.0
2025-10-21 07:00:00,0.04117,0.04121,0.04061,0.04073,3583410.0
2025-10-21 07:30:00,0.04074,0.04105,0.04069,0.04087,1274101.0
2025-10-21 08:00:00,0.04086,0.04088,0.04038,0.04062,1743023.0
2025-10-21 08:30:00,0.04059,0.04075,0.04033,0.04061,1582671.0
2025-10-21 09:00:00,0.0406,0.04081,0.04051,0.04074,496560.0
2025-10-21 09:30:00,0.04076,0.04099,0.04057,0.04089,854537.0
2025-10-21 10:00:00,0.04088,0.04088,0.0405,0.04062,1282173.0
2025-10-21 10:30:00,0.04061,0.04107,0.04055,0.04093,1002622.0
2025-10-21 11:00:00,0.04092,0.04097,0.04066,0.04091,620835.0
2025-10-21 11:30:00,0.04089,0.0413,0.0408,0.04124,980833.0
2025-10-21 12:00:00,0.04124,0.04168,0.04114,0.04135,856797.0
2025-10-21 12:30:00,0.04137,0.04155,0.04093,0.04102,2087020.0
2025-10-21 13:00:00,0.04104,0.04129,0.04066,0.04121,1059691.0
2025-10-21 13:30:00,0.04119,0.04128,0.0408,0.04093,692677.0
2025-10-21 14:00:00,0.04093,0.04153,0.04081,0.04122,1944916.0
2025-10-21 14:30:00,0.04124,0.04228,0.04124,0.04198,4630960.0
2025-10-21 15:00:00,0.04201,0.04239,0.0417,0.0423,4295250.0
2025-10-21 15:30:00,0.04227,0.04292,0.04197,0.04251,3143864.0
2025-10-21 16:00:00,0.04252,0.04273,0.042,0.04229,3654774.0
2025-10-21 16:30:00,0.04231,0.04241,0.0417,0.04172,2269738.0
2025-10-21 17:00:00,0.04175,0.04221,0.04138,0.0417,3650144.0
2025-10-21 17:30:00,0.0417,0.04245,0.04168,0.04209,1582266.0
2025-10-21 18:00:00,0.04217,0.0424,0.04208,0.04233,534971.0
2025-10-21 18:30:00,0.04234,0.0424,0.04205,0.04232,621377.0
2025-10-21 19:00:00,0.04232,0.04279,0.04226,0.0427,832679.0
2025-10-21 19:30:00,0.04268,0.04268,0.04223,0.04229,1090543.0
2025-10-21 20:00:00,0.04229,0.0425,0.04154,0.04183,3069200.0
2025-10-21 20:30:00,0.04186,0.04193,0.04152,0.04176,515534.0
2025-10-21 21:00:00,0.04174,0.04195,0.04121,0.04152,1616187.0
2025-10-21 21:30:00,0.0415,0.04175,0.04147,0.04175,326097.0
2025-10-21 22:00:00,0.04171,0.04174,0.04116,0.04129,734838.0
2025-10-21 22:30:00,0.04128,0.04138,0.04081,0.04096,2382865.0
2025-10-21 23:00:00,0.04095,0.04136,0.04076,0.04102,2974863.0
2025-10-21 23:30:00,0.04099,0.04099,0.04052,0.04069,2421801.0
2025-10-22 00:00:00,0.04068,0.04095,0.04057,0.0408,1521953.0
2025-10-22 00:30:00,0.04084,0.0409,0.04042,0.04044,2635866.0
2025-10-22 01:00:00,0.04045,0.04079,0.04042,0.04059,2037810.0
2025-10-22 01:30:00,0.04061,0.04065,0.04045,0.04059,1232386.0
2025-10-22 02:00:00,0.04061,0.04084,0.04051,0.04076,678084.0
2025-10-22 02:30:00,0.04073,0.04075,0.04055,0.04068,691392.0
2025-10-22 03:00:00,0.0407,0.04084,0.04062,0.0408,868812.0
2025-10-22 03:30:00,0.0408,0.0408,0.04062,0.04068,451811.0
2025-10-22 04:00:00,0.04068,0.04087,0.0406,0.0408,548360.0
2025-10-22 04:30:00,0.04079,0.04096,0.04067,0.04083,520017.0
2025-10-22 05:00:00,0.04081,0.04081,0.0403,0.04057,4372317.0
2025-10-22 05:30:00,0.04058,0.04073,0.04041,0.04069,754687.0
2025-10-22 06:00:00,0.04069,0.0409,0.04062,0.04072,819168.0
2025-10-22 06:30:00,0.0407,0.04088,0.04065,0.04081,486193.0
2025-10-22 07:00:00,0.04081,0.04088,0.04058,0.04087,984092.0
2025-10-22 07:30:00,0.04087,0.04116,0.04073,0.04114,1497658.0
2025-10-22 08:00:00,0.04114,0.04116,0.04083,0.04099,1137700.0
2025-10-22 08:30:00,0.04099,0.04116,0.04086,0.04107,1083403.0
2025-10-22 09:00:00,0.04107,0.04125,0.04098,0.041,1240791.0
2025-10-22 09:30:00,0.04099,0.04102,0.04061,0.04079,952346.0
2025-10-22 10:00:00,0.0408,0.04093,0.04066,0.0408,562323.0
2025-10-22 10:30:00,0.0408,0.04087,0.04067,0.04082,391345.0
2025-10-22 11:00:00,0.04081,0.04132,0.04051,0.04113,3203050.0
2025-10-22 11:30:00,0.04113,0.04145,0.04088,0.04113,2186543.0
2025-10-22 12:00:00,0.04112,0.04139,0.04094,0.04114,688807.0
2025-10-22 12:30:00,0.04112,0.04124,0.04096,0.04096,337112.0
2025-10-22 13:00:00,0.04096,0.0411,0.04084,0.04089,882732.0
2025-10-22 13:30:00,0.04088,0.04179,0.04069,0.04162,1808303.0
2025-10-22 14:00:00,0.04163,0.04219,0.04102,0.04112,4158112.0
2025-10-22 14:30:00,0.04115,0.04178,0.0411,0.04172,1562880.0
2025-10-22 15:00:00,0.04176,0.04185,0.04066,0.04092,3436619.0
2025-10-22 15:30:00,0.04091,0.04199,0.04086,0.04178,2364618.0
2025-10-22 16:00:00,0.04178,0.04223,0.04169,0.0418,1389239.0
2025-10-22 16:30:00,0.04181,0.0421,0.04123,0.04165,2880299.0
2025-10-22 17:00:00,0.04166,0.04183,0.04137,0.0414,790042.0
2025-10-22 17:30:00,0.04143,0.04144,0.041,0.04104,527154.0
2025-10-22 18:00:00,0.04105,0.04135,0.0407,0.04093,766599.0
2025-10-22 18:30:00,0.04094,0.04108,0.04083,0.04099,414494.0
2025-10-22 19:00:00,0.041,0.0417,0.04094,0.04154,830331.0
2025-10-22 19:30:00,0.04154,0.04154,0.04099,0.04133,715541.0
2025-10-22 20:00:00,0.04133,0.04153,0.04105,0.04123,838218.0
2025-10-22 20:30:00,0.04121,0.0415,0.04107,0.04125,1076742.0
2025-10-22 21:00:00,0.04124,0.04137,0.04009,0.04046,6438585.0
2025-10-22 21:30:00,0.04044,0.04087,0.04009,0.04074,2447835.0
2025-10-22 22:00:00,0.0407,0.04092,0.0406,0.04061,949093.0
2025-10-22 22:30:00,0.04062,0.0407,0.04038,0.04053,688808.0
2025-10-22 23:00:00,0.04052,0.04132,0.04048,0.04105,1979116.0
2025-10-22 23:30:00,0.04105,0.04137,0.04096,0.04119,613359.0
2025-10-23 00:00:00,0.04121,0.04144,0.04106,0.04128,1288526.0
2025-10-23 00:30:00,0.04128,0.04135,0.04101,0.04127,1170376.0
2025-10-23 01:00:00,0.04126,0.0415,0.0411,0.04117,1103631.0
2025-10-23 01:30:00,0.04119,0.04121,0.04102,0.04112,313883.0
2025-10-23 02:00:00,0.04112,0.04149,0.04112,0.04142,638981.0
2025-10-23 02:30:00,0.04143,0.04155,0.04132,0.04139,535056.0
2025-10-23 03:00:00,0.04142,0.04171,0.04122,0.04152,973047.0
2025-10-23 03:30:00,0.04152,0.0416,0.04129,0.04153,747106.0
2025-10-23 04:00:00,0.0415,0.04158,0.04113,0.04129,950007.0
2025-10-23 04:30:00,0.04127,0.04284,0.04117,0.04175,3272058.0
2025-10-23 05:00:00,0.04172,0.04187,0.04166,0.04173,743978.0
2025-10-23 05:30:00,0.04173,0.0418,0.0415,0.04164,872723.0
2025-10-23 06:00:00,0.04163,0.04208,0.04142,0.04185,1462184.0
2025-10-23 06:30:00,0.04185,0.04225,0.04159,0.04223,1359592.0
2025-10-23 07:00:00,0.04224,0.04227,0.0421,0.04217,180465.0
