time,open,high,low,close,volume
2025-10-02 18:00:00,0.746,0.758,0.745,0.754,11193225.6
2025-10-02 19:00:00,0.753,0.763,0.751,0.755,11941277.5
2025-10-02 20:00:00,0.755,0.757,0.744,0.749,7887914.8
2025-10-02 21:00:00,0.749,0.751,0.741,0.742,3124204.9
2025-10-02 22:00:00,0.742,0.746,0.738,0.739,5292728.5
2025-10-02 23:00:00,0.74,0.745,0.739,0.743,3482596.9
2025-10-03 00:00:00,0.743,0.744,0.734,0.738,5033196.8
2025-10-03 01:00:00,0.738,0.74,0.733,0.735,5084282.4
2025-10-03 02:00:00,0.734,0.742,0.733,0.741,3852744.2
2025-10-03 03:00:00,0.742,0.751,0.737,0.739,7747145.4
2025-10-03 04:00:00,0.739,0.748,0.738,0.747,3740681.7
2025-10-03 05:00:00,0.748,0.75,0.743,0.747,4656106.2
2025-10-03 06:00:00,0.748,0.757,0.745,0.751,11140145.5
2025-10-03 07:00:00,0.751,0.752,0.744,0.751,6113476.5
2025-10-03 08:00:00,0.751,0.76,0.74,0.76,8427807.9
2025-10-03 09:00:00,0.759,0.761,0.75,0.757,8334437.2
2025-10-03 10:00:00,0.757,0.761,0.752,0.753,6481724.2
2025-10-03 11:00:00,0.753,0.756,0.745,0.753,6140888.1
2025-10-03 12:00:00,0.754,0.754,0.747,0.751,5471268.0
2025-10-03 13:00:00,0.75,0.755,0.742,0.748,8753666.8
2025-10-03 14:00:00,0.749,0.754,0.74,0.751,7234740.0
2025-10-03 15:00:00,0.75,0.775,0.746,0.774,12777624.0
2025-10-03 16:00:00,0.774,0.799,0.772,0.786,31479148.6
2025-10-03 17:00:00,0.785,0.79,0.763,0.767,32771277.8
2025-10-03 18:00:00,0.767,0.78,0.762,0.779,9486569.0
2025-10-03 19:00:00,0.779,0.785,0.775,0.777,7141781.6
2025-10-03 20:00:00,0.778,0.785,0.77,0.783,5054999.5
2025-10-03 21:00:00,0.783,0.783,0.777,0.779,3099729.1
2025-10-03 22:00:00,0.779,0.788,0.778,0.785,6338524.7
2025-10-03 23:00:00,0.785,0.786,0.779,0.783,3701228.2
2025-10-04 00:00:00,0.784,0.787,0.774,0.779,5084279.0
2025-10-04 01:00:00,0.78,0.78,0.766,0.769,5136260.7
2025-10-04 02:00:00,0.768,0.774,0.763,0.771,3890280.1
2025-10-04 03:00:00,0.77,0.771,0.762,0.768,2904368.2
2025-10-04 04:00:00,0.768,0.771,0.765,0.768,2078792.5
2025-10-04 05:00:00,0.768,0.772,0.763,0.767,2820824.3
2025-10-04 06:00:00,0.766,0.769,0.764,0.767,2607175.4
2025-10-04 07:00:00,0.767,0.768,0.763,0.766,2871789.9
2025-10-04 08:00:00,0.766,0.779,0.764,0.772,14389416.7
2025-10-04 09:00:00,0.772,0.781,0.771,0.773,5663534.7
2025-10-04 10:00:00,0.773,0.777,0.765,0.767,5104654.8
2025-10-04 11:00:00,0.766,0.775,0.765,0.77,3587595.7
2025-10-04 12:00:00,0.771,0.782,0.769,0.773,5673832.6
2025-10-04 13:00:00,0.773,0.789,0.772,0.78,10421011.4
2025-10-04 14:00:00,0.78,0.792,0.772,0.774,8050631.2
2025-10-04 15:00:00,0.773,0.777,0.765,0.767,8809957.3
2025-10-04 16:00:00,0.768,0.778,0.765,0.774,5765423.3
2025-10-04 17:00:00,0.773,0.778,0.769,0.774,4000895.7
2025-10-04 18:00:00,0.773,0.776,0.769,0.77,2805918.7
2025-10-04 19:00:00,0.77,0.778,0.77,0.778,2207716.2
2025-10-04 20:00:00,0.777,0.785,0.776,0.776,5043291.1
2025-10-04 21:00:00,0.777,0.782,0.775,0.775,1952732.2
2025-10-04 22:00:00,0.776,0.778,0.774,0.775,2177737.0
2025-10-04 23:00:00,0.775,0.78,0.773,0.777,2384358.4
2025-10-05 00:00:00,0.777,0.782,0.769,0.77,3400924.2
2025-10-05 01:00:00,0.769,0.776,0.767,0.773,3131978.9
2025-10-05 02:00:00,0.773,0.789,0.77,0.787,7828527.3
2025-10-05 03:00:00,0.788,0.792,0.781,0.785,8070444.7
2025-10-05 04:00:00,0.785,0.801,0.781,0.791,9049973.4
2025-10-05 05:00:00,0.791,0.8,0.785,0.795,8363720.6
2025-10-05 06:00:00,0.796,0.805,0.792,0.8,8664056.3
2025-10-05 07:00:00,0.8,0.803,0.793,0.801,6944793.9
2025-10-05 08:00:00,0.802,0.805,0.795,0.797,4880676.9
2025-10-05 09:00:00,0.797,0.798,0.782,0.785,7948066.9
2025-10-05 10:00:00,0.785,0.786,0.777,0.78,6948591.3
2025-10-05 11:00:00,0.78,0.784,0.774,0.783,6200912.0
2025-10-05 12:00:00,0.783,0.783,0.772,0.773,4692882.9
2025-10-05 13:00:00,0.772,0.78,0.772,0.776,3894037.3
2025-10-05 14:00:00,0.776,0.782,0.77,0.775,4325878.3
2025-10-05 15:00:00,0.774,0.782,0.773,0.774,4572012.8
2025-10-05 16:00:00,0.775,0.779,0.767,0.777,5787065.8
2025-10-05 17:00:00,0.778,0.782,0.772,0.774,4920370.6
2025-10-05 18:00:00,0.775,0.777,0.769,0.771,4289167.8
2025-10-05 19:00:00,0.771,0.773,0.763,0.764,5196017.9
2025-10-05 20:00:00,0.764,0.769,0.757,0.765,6176703.2
2025-10-05 21:00:00,0.764,0.766,0.761,0.766,2126144.3
2025-10-05 22:00:00,0.765,0.77,0.762,0.769,2619631.1
2025-10-05 23:00:00,0.768,0.771,0.765,0.766,2492815.9
2025-10-06 00:00:00,0.765,0.776,0.761,0.768,5090813.8
2025-10-06 01:00:00,0.769,0.779,0.764,0.775,6215798.7
2025-10-06 02:00:00,0.774,0.782,0.77,0.777,4077302.4
2025-10-06 03:00:00,0.776,0.779,0.774,0.776,2457919.5
2025-10-06 04:00:00,0.777,0.781,0.772,0.776,2624212.8
2025-10-06 05:00:00,0.776,0.781,0.772,0.779,2686601.4
2025-10-06 06:00:00,0.779,0.788,0.778,0.782,4493544.2
2025-10-06 07:00:00,0.782,0.787,0.773,0.776,4781393.7
2025-10-06 08:00:00,0.777,0.78,0.775,0.777,3127709.7
2025-10-06 09:00:00,0.778,0.782,0.777,0.779,2742632.5
2025-10-06 10:00:00,0.778,0.78,0.775,0.778,1946662.1
2025-10-06 11:00:00,0.778,0.785,0.775,0.778,3384418.8
2025-10-06 12:00:00,0.779,0.784,0.778,0.782,3246553.5
2025-10-06 13:00:00,0.782,0.79,0.778,0.789,7180063.5
2025-10-06 14:00:00,0.789,0.797,0.784,0.787,11516856.3
2025-10-06 15:00:00,0.787,0.795,0.786,0.788,6537980.9
2025-10-06 16:00:00,0.787,0.791,0.783,0.788,5255655.8
2025-10-06 17:00:00,0.788,0.797,0.787,0.792,4249364.7
2025-10-06 18:00:00,0.791,0.799,0.79,0.798,3639145.9
2025-10-06 19:00:00,0.798,0.798,0.791,0.795,4255590.4
2025-10-06 20:00:00,0.795,0.799,0.788,0.79,5195368.4
2025-10-06 21:00:00,0.79,0.792,0.782,0.786,3750377.5
2025-10-06 22:00:00,0.786,0.789,0.779,0.782,3942575.5
2025-10-06 23:00:00,0.781,0.783,0.775,0.777,4522751.0
2025-10-07 00:00:00,0.776,0.779,0.773,0.778,3128714.8
2025-10-07 01:00:00,0.778,0.78,0.77,0.774,3504844.2
2025-10-07 02:00:00,0.774,0.775,0.768,0.77,3837823.0
2025-10-07 03:00:00,0.77,0.773,0.767,0.772,2838887.1
2025-10-07 04:00:00,0.772,0.778,0.765,0.774,5101759.7
2025-10-07 05:00:00,0.775,0.778,0.771,0.772,4326843.6
2025-10-07 06:00:00,0.772,0.775,0.766,0.768,5001078.8
2025-10-07 07:00:00,0.767,0.773,0.765,0.769,4623783.1
2025-10-07 08:00:00,0.77,0.77,0.758,0.764,8266731.1
2025-10-07 09:00:00,0.765,0.772,0.763,0.769,3793882.9
2025-10-07 10:00:00,0.769,0.773,0.767,0.769,2407787.2
2025-10-07 11:00:00,0.769,0.776,0.767,0.774,4794710.0
2025-10-07 12:00:00,0.774,0.794,0.772,0.792,8409045.1
2025-10-07 13:00:00,0.792,0.805,0.783,0.801,27275504.9
2025-10-07 14:00:00,0.8,0.806,0.771,0.774,22555284.8
2025-10-07 15:00:00,0.774,0.778,0.753,0.757,22931921.9
2025-10-07 16:00:00,0.757,0.775,0.744,0.767,17139005.0
2025-10-07 17:00:00,0.768,0.772,0.755,0.756,5959806.0
2025-10-07 18:00:00,0.756,0.762,0.752,0.756,6857472.9
2025-10-07 19:00:00,0.755,0.767,0.755,0.759,6505674.0
2025-10-07 20:00:00,0.759,0.773,0.758,0.765,6585312.4
2025-10-07 21:00:00,0.765,0.768,0.752,0.754,4818460.7
2025-10-07 22:00:00,0.754,0.756,0.747,0.75,5028785.5
2025-10-07 23:00:00,0.75,0.751,0.743,0.746,3421337.6
2025-10-08 00:00:00,0.745,0.755,0.743,0.749,4811783.2
2025-10-08 01:00:00,0.749,0.755,0.746,0.753,3402974.6
2025-10-08 02:00:00,0.753,0.754,0.748,0.749,2782047.9
2025-10-08 03:00:00,0.75,0.75,0.725,0.728,22132376.0
2025-10-08 04:00:00,0.727,0.734,0.721,0.732,7812748.6
2025-10-08 05:00:00,0.731,0.732,0.722,0.724,4064174.7
2025-10-08 06:00:00,0.724,0.727,0.722,0.725,3662487.7
2025-10-08 07:00:00,0.725,0.729,0.724,0.729,3393061.3
2025-10-08 08:00:00,0.729,0.736,0.726,0.73,4663184.6
2025-10-08 09:00:00,0.731,0.733,0.726,0.73,3235968.9
2025-10-08 10:00:00,0.731,0.744,0.728,0.742,6413757.3
2025-10-08 11:00:00,0.742,0.745,0.736,0.738,4720969.1
2025-10-08 12:00:00,0.739,0.745,0.738,0.743,4478779.4
2025-10-08 13:00:00,0.744,0.747,0.737,0.746,8195894.7
2025-10-08 14:00:00,0.745,0.761,0.739,0.742,14130366.4
2025-10-08 15:00:00,0.742,0.752,0.741,0.743,5443681.9
2025-10-08 16:00:00,0.743,0.752,0.741,0.752,6821523.7
2025-10-08 17:00:00,0.751,0.768,0.748,0.759,10876552.2
2025-10-08 18:00:00,0.76,0.762,0.753,0.753,7676833.7
2025-10-08 19:00:00,0.753,0.755,0.747,0.753,4828618.7
2025-10-08 20:00:00,0.753,0.754,0.745,0.746,3527936.5
2025-10-08 21:00:00,0.746,0.752,0.745,0.746,2313154.9
2025-10-08 22:00:00,0.747,0.749,0.743,0.743,3453466.7
2025-10-08 23:00:00,0.743,0.746,0.74,0.742,5026298.7
2025-10-09 00:00:00,0.742,0.743,0.736,0.736,4512207.5
2025-10-09 01:00:00,0.736,0.737,0.728,0.73,6763658.1
2025-10-09 02:00:00,0.731,0.731,0.713,0.714,9773466.5
2025-10-09 03:00:00,0.715,0.724,0.714,0.724,5151996.9
2025-10-09 04:00:00,0.723,0.729,0.72,0.725,4691112.2
2025-10-09 05:00:00,0.726,0.728,0.721,0.723,3089953.2
2025-10-09 06:00:00,0.723,0.725,0.718,0.722,4223403.6
2025-10-09 07:00:00,0.721,0.723,0.713,0.715,5013023.8
2025-10-09 08:00:00,0.715,0.716,0.702,0.704,14898154.8
2025-10-09 09:00:00,0.703,0.71,0.703,0.709,6803454.4
2025-10-09 10:00:00,0.708,0.714,0.705,0.712,4596351.2
2025-10-09 11:00:00,0.711,0.722,0.711,0.719,5309674.0
2025-10-09 12:00:00,0.72,0.732,0.719,0.731,7242162.0
2025-10-09 13:00:00,0.73,0.732,0.72,0.722,8664640.7
2025-10-09 14:00:00,0.722,0.728,0.713,0.724,10745018.9
2025-10-09 15:00:00,0.724,0.729,0.715,0.72,9627237.6
2025-10-09 16:00:00,0.72,0.724,0.708,0.712,8090121.3
2025-10-09 17:00:00,0.712,0.725,0.71,0.724,8002257.5
2025-10-09 18:00:00,0.725,0.735,0.723,0.727,10665907.1
2025-10-09 19:00:00,0.727,0.734,0.727,0.73,4616073.4
2025-10-09 20:00:00,0.729,0.734,0.726,0.73,3943713.0
2025-10-09 21:00:00,0.729,0.738,0.728,0.736,3386769.0
2025-10-09 22:00:00,0.737,0.738,0.733,0.736,3370950.3
2025-10-09 23:00:00,0.735,0.736,0.73,0.73,3164888.9
2025-10-10 00:00:00,0.731,0.736,0.73,0.733,3238937.4
2025-10-10 01:00:00,0.732,0.737,0.73,0.731,2958473.6
2025-10-10 02:00:00,0.732,0.736,0.728,0.73,3668351.9
2025-10-10 03:00:00,0.73,0.745,0.726,0.737,11916147.1
2025-10-10 04:00:00,0.736,0.741,0.73,0.734,4405155.9
2025-10-10 05:00:00,0.734,0.743,0.727,0.74,4802748.3
2025-10-10 06:00:00,0.741,0.747,0.733,0.737,4437393.0
2025-10-10 07:00:00,0.736,0.737,0.731,0.734,3347865.1
2025-10-10 08:00:00,0.733,0.739,0.729,0.735,3813029.0
2025-10-10 09:00:00,0.735,0.739,0.73,0.734,4393487.1
2025-10-10 10:00:00,0.733,0.745,0.733,0.743,5855479.7
2025-10-10 11:00:00,0.742,0.746,0.738,0.742,4779626.4
2025-10-10 12:00:00,0.743,0.746,0.741,0.746,3706415.4
2025-10-10 13:00:00,0.745,0.757,0.744,0.751,9881665.3
2025-10-10 14:00:00,0.751,0.755,0.73,0.731,15061013.2
2025-10-10 15:00:00,0.731,0.734,0.69,0.699,59783647.1
2025-10-10 16:00:00,0.698,0.709,0.696,0.7,14009649.3
2025-10-10 17:00:00,0.7,0.706,0.693,0.697,11186638.9
2025-10-10 18:00:00,0.698,0.704,0.696,0.697,7816065.0
2025-10-10 19:00:00,0.698,0.701,0.68,0.687,23198809.3
2025-10-10 20:00:00,0.687,0.694,0.611,0.63,66073484.2
2025-10-10 21:00:00,0.63,0.64,0.191,0.474,186564739.2
2025-10-10 22:00:00,0.475,0.493,0.391,0.485,93737969.2
2025-10-10 23:00:00,0.485,0.538,0.469,0.497,76234069.2
2025-10-11 00:00:00,0.497,0.512,0.479,0.501,49772974.7
2025-10-11 01:00:00,0.501,0.506,0.467,0.47,29269111.7
2025-10-11 02:00:00,0.47,0.507,0.469,0.504,22198038.7
2025-10-11 03:00:00,0.504,0.508,0.49,0.498,20256361.2
2025-10-11 04:00:00,0.498,0.514,0.496,0.514,15345838.6
2025-10-11 05:00:00,0.514,0.519,0.502,0.509,16220495.2
2025-10-11 06:00:00,0.51,0.517,0.503,0.506,10939193.6
2025-10-11 07:00:00,0.505,0.519,0.501,0.517,13079078.1
2025-10-11 08:00:00,0.516,0.535,0.514,0.534,13624615.1
2025-10-11 09:00:00,0.534,0.543,0.533,0.534,10510504.2
2025-10-11 10:00:00,0.535,0.544,0.529,0.533,8986465.3
2025-10-11 11:00:00,0.532,0.533,0.518,0.522,8953383.5
2025-10-11 12:00:00,0.521,0.524,0.505,0.507,9835826.8
2025-10-11 13:00:00,0.508,0.511,0.499,0.506,12889418.5
2025-10-11 14:00:00,0.506,0.508,0.499,0.507,7969226.9
2025-10-11 15:00:00,0.507,0.517,0.507,0.514,8804097.5
2025-10-11 16:00:00,0.514,0.52,0.506,0.51,7808448.3
2025-10-11 17:00:00,0.511,0.517,0.509,0.512,4517813.9
2025-10-11 18:00:00,0.513,0.513,0.503,0.504,5459874.1
2025-10-11 19:00:00,0.503,0.504,0.477,0.483,18736095.7
2025-10-11 20:00:00,0.483,0.485,0.466,0.47,22070419.6
2025-10-11 21:00:00,0.47,0.48,0.458,0.478,16249359.1
2025-10-11 22:00:00,0.478,0.485,0.477,0.481,9867005.6
2025-10-11 23:00:00,0.482,0.485,0.479,0.484,8135904.0
2025-10-12 00:00:00,0.484,0.488,0.476,0.477,11798216.9
2025-10-12 01:00:00,0.477,0.483,0.474,0.475,11781339.0
2025-10-12 02:00:00,0.476,0.485,0.473,0.478,12328300.0
2025-10-12 03:00:00,0.478,0.493,0.476,0.487,14922044.9
2025-10-12 04:00:00,0.487,0.499,0.486,0.491,12431350.5
2025-10-12 05:00:00,0.491,0.492,0.486,0.486,7264798.8
2025-10-12 06:00:00,0.486,0.493,0.485,0.491,7221749.9
2025-10-12 07:00:00,0.491,0.493,0.487,0.49,6849639.3
2025-10-12 08:00:00,0.49,0.493,0.484,0.484,7072920.8
2025-10-12 09:00:00,0.484,0.49,0.48,0.489,9762798.2
2025-10-12 10:00:00,0.489,0.492,0.482,0.485,8050217.2
2025-10-12 11:00:00,0.485,0.492,0.484,0.49,7027105.3
2025-10-12 12:00:00,0.491,0.499,0.49,0.495,10464385.7
2025-10-12 13:00:00,0.494,0.497,0.485,0.489,10769351.3
2025-10-12 14:00:00,0.489,0.524,0.488,0.514,38721022.8
2025-10-12 15:00:00,0.514,0.547,0.512,0.54,49433086.1
2025-10-12 16:00:00,0.54,0.569,0.539,0.558,44809312.5
2025-10-12 17:00:00,0.559,0.593,0.555,0.576,33835721.5
2025-10-12 18:00:00,0.577,0.581,0.564,0.569,16304415.9
2025-10-12 19:00:00,0.569,0.579,0.568,0.575,8406613.1
2025-10-12 20:00:00,0.576,0.581,0.571,0.575,10311388.5
2025-10-12 21:00:00,0.575,0.582,0.562,0.569,12645864.4
2025-10-12 22:00:00,0.57,0.574,0.56,0.562,10767234.4
2025-10-12 23:00:00,0.561,0.565,0.556,0.561,7504794.4
2025-10-13 00:00:00,0.562,0.567,0.552,0.553,9158654.3
2025-10-13 01:00:00,0.553,0.561,0.551,0.561,6186265.1
2025-10-13 02:00:00,0.56,0.563,0.553,0.561,5387252.2
2025-10-13 03:00:00,0.561,0.564,0.555,0.557,6101568.4
2025-10-13 04:00:00,0.557,0.559,0.552,0.558,5206768.8
2025-10-13 05:00:00,0.557,0.56,0.554,0.557,4427849.7
2025-10-13 06:00:00,0.556,0.57,0.554,0.563,7312540.6
2025-10-13 07:00:00,0.562,0.574,0.56,0.566,8410170.8
2025-10-13 08:00:00,0.565,0.575,0.564,0.573,7235489.4
2025-10-13 09:00:00,0.572,0.575,0.565,0.57,7882730.9
2025-10-13 10:00:00,0.571,0.574,0.564,0.571,7078907.6
2025-10-13 11:00:00,0.57,0.571,0.546,0.556,28928722.0
2025-10-13 12:00:00,0.556,0.567,0.551,0.557,12548331.6
2025-10-13 13:00:00,0.556,0.58,0.555,0.575,29565718.4
2025-10-13 14:00:00,0.575,0.577,0.558,0.561,17806723.3
2025-10-13 15:00:00,0.561,0.576,0.56,0.576,9452164.2
2025-10-13 16:00:00,0.576,0.596,0.573,0.59,24065718.3
2025-10-13 17:00:00,0.591,0.618,0.589,0.617,22533511.1
2025-10-13 18:00:00,0.616,0.626,0.612,0.619,18295286.1
2025-10-13 19:00:00,0.619,0.637,0.617,0.633,18943249.2
2025-10-13 20:00:00,0.632,0.636,0.626,0.635,9167268.6
2025-10-13 21:00:00,0.634,0.635,0.623,0.624,6655416.4
2025-10-13 22:00:00,0.625,0.631,0.621,0.628,6422405.5
2025-10-13 23:00:00,0.629,0.635,0.626,0.632,6078186.2
2025-10-14 00:00:00,0.633,0.636,0.625,0.629,7107679.1
2025-10-14 01:00:00,0.629,0.632,0.619,0.62,7804375.8
2025-10-14 02:00:00,0.619,0.62,0.606,0.608,11364421.9
2025-10-14 03:00:00,0.609,0.609,0.599,0.601,12239335.7
2025-10-14 04:00:00,0.601,0.61,0.592,0.596,13575506.5
2025-10-14 05:00:00,0.597,0.6,0.581,0.584,17831494.9
2025-10-14 06:00:00,0.584,0.587,0.555,0.57,36597476.1
2025-10-14 07:00:00,0.57,0.572,0.558,0.561,20942071.1
2025-10-14 08:00:00,0.56,0.568,0.554,0.563,19232476.9
2025-10-14 09:00:00,0.563,0.567,0.559,0.563,12075916.6
2025-10-14 10:00:00,0.564,0.565,0.545,0.557,21381724.9
2025-10-14 11:00:00,0.557,0.567,0.556,0.563,15556920.5
2025-10-14 12:00:00,0.563,0.564,0.552,0.553,13271342.2
2025-10-14 13:00:00,0.553,0.56,0.542,0.554,23896175.3
2025-10-14 14:00:00,0.553,0.583,0.552,0.572,32277784.4
2025-10-14 15:00:00,0.572,0.595,0.571,0.594,26006119.9
2025-10-14 16:00:00,0.595,0.614,0.588,0.59,36872489.8
2025-10-14 17:00:00,0.59,0.601,0.581,0.589,20241207.1
2025-10-14 18:00:00,0.589,0.606,0.587,0.598,16187876.6
2025-10-14 19:00:00,0.598,0.603,0.581,0.589,21345257.0
2025-10-14 20:00:00,0.59,0.593,0.583,0.589,7525514.1
2025-10-14 21:00:00,0.588,0.593,0.581,0.592,5267137.2
2025-10-14 22:00:00,0.592,0.595,0.583,0.587,4667668.7
2025-10-14 23:00:00,0.587,0.594,0.586,0.592,5789053.5
2025-10-15 00:00:00,0.591,0.596,0.587,0.592,6742023.3
2025-10-15 01:00:00,0.592,0.594,0.585,0.59,6081848.7
2025-10-15 02:00:00,0.59,0.598,0.587,0.592,5860838.6
2025-10-15 03:00:00,0.593,0.594,0.583,0.585,6883850.0
2025-10-15 04:00:00,0.585,0.595,0.582,0.593,6002821.4
2025-10-15 05:00:00,0.593,0.597,0.59,0.593,5232499.7
2025-10-15 06:00:00,0.594,0.596,0.583,0.592,8995223.7
2025-10-15 07:00:00,0.592,0.62,0.589,0.615,16279131.5
2025-10-15 08:00:00,0.616,0.638,0.61,0.617,33611968.3
2025-10-15 09:00:00,0.618,0.622,0.598,0.601,16699713.1
2025-10-15 10:00:00,0.6,0.603,0.594,0.599,9042058.3
2025-10-15 11:00:00,0.598,0.6,0.588,0.59,13607975.6
2025-10-15 12:00:00,0.589,0.593,0.582,0.584,11284018.9
2025-10-15 13:00:00,0.584,0.584,0.558,0.568,39305437.8
2025-10-15 14:00:00,0.568,0.588,0.562,0.567,30701876.2
2025-10-15 15:00:00,0.566,0.571,0.552,0.556,21817557.4
2025-10-15 16:00:00,0.557,0.563,0.549,0.558,16207396.0
2025-10-15 17:00:00,0.558,0.564,0.552,0.563,11674576.1
2025-10-15 18:00:00,0.563,0.566,0.555,0.563,11555331.5
2025-10-15 19:00:00,0.563,0.565,0.553,0.556,8307036.1
2025-10-15 20:00:00,0.555,0.56,0.542,0.551,14515505.1
2025-10-15 21:00:00,0.551,0.554,0.54,0.546,19196944.4
2025-10-15 22:00:00,0.546,0.551,0.544,0.546,7423171.7
2025-10-15 23:00:00,0.546,0.555,0.546,0.552,5233940.9
2025-10-16 00:00:00,0.552,0.555,0.549,0.553,7084641.7
2025-10-16 01:00:00,0.552,0.562,0.551,0.559,7351920.7
2025-10-16 02:00:00,0.559,0.565,0.55,0.552,7460174.9
2025-10-16 03:00:00,0.553,0.555,0.548,0.549,4074427.5
2025-10-16 04:00:00,0.549,0.555,0.547,0.549,7259567.4
2025-10-16 05:00:00,0.548,0.556,0.548,0.552,5482732.0
2025-10-16 06:00:00,0.552,0.563,0.55,0.561,7218894.3
2025-10-16 07:00:00,0.561,0.563,0.553,0.555,6660857.4
2025-10-16 08:00:00,0.555,0.557,0.549,0.551,4894367.4
2025-10-16 09:00:00,0.55,0.568,0.531,0.564,27052100.4
2025-10-16 10:00:00,0.564,0.578,0.563,0.574,21070877.9
2025-10-16 11:00:00,0.573,0.581,0.57,0.572,10305495.6
2025-10-16 12:00:00,0.571,0.577,0.567,0.568,9935095.9
2025-10-16 13:00:00,0.568,0.575,0.562,0.566,12795950.0
2025-10-16 14:00:00,0.566,0.585,0.555,0.573,21779111.5
2025-10-16 15:00:00,0.572,0.575,0.554,0.556,22571543.9
2025-10-16 16:00:00,0.555,0.573,0.543,0.571,36322688.2
2025-10-16 17:00:00,0.572,0.572,0.55,0.552,20350093.1
2025-10-16 18:00:00,0.552,0.556,0.543,0.552,16571502.8
2025-10-16 19:00:00,0.551,0.554,0.534,0.54,17058188.6
2025-10-16 20:00:00,0.541,0.545,0.527,0.531,12069452.5
2025-10-16 21:00:00,0.53,0.543,0.528,0.542,7162845.3
2025-10-16 22:00:00,0.543,0.544,0.532,0.532,7158303.8
2025-10-16 23:00:00,0.533,0.541,0.529,0.539,7576546.2
2025-10-17 00:00:00,0.539,0.544,0.537,0.54,9501821.4
2025-10-17 01:00:00,0.54,0.547,0.535,0.538,7762888.6
2025-10-17 02:00:00,0.537,0.543,0.533,0.54,5845546.6
2025-10-17 03:00:00,0.54,0.542,0.537,0.541,5347342.8
2025-10-17 04:00:00,0.54,0.542,0.537,0.537,5245784.2
2025-10-17 05:00:00,0.538,0.541,0.535,0.537,4795262.5
2025-10-17 06:00:00,0.537,0.538,0.514,0.519,24891952.5
2025-10-17 07:00:00,0.519,0.521,0.498,0.5,30327788.1
2025-10-17 08:00:00,0.501,0.507,0.49,0.5,28395469.9
2025-10-17 09:00:00,0.5,0.515,0.498,0.507,15587438.4
2025-10-17 10:00:00,0.507,0.51,0.496,0.504,15795983.4
2025-10-17 11:00:00,0.504,0.526,0.503,0.522,23004361.2
2025-10-17 12:00:00,0.522,0.528,0.517,0.517,10516601.2
2025-10-17 13:00:00,0.518,0.525,0.511,0.52,17323058.9
2025-10-17 14:00:00,0.519,0.521,0.506,0.512,15056468.3
2025-10-17 15:00:00,0.513,0.52,0.506,0.519,13541652.2
2025-10-17 16:00:00,0.519,0.529,0.514,0.516,16743381.0
2025-10-17 17:00:00,0.516,0.519,0.511,0.517,8243222.8
2025-10-17 18:00:00,0.516,0.525,0.516,0.518,5577366.6
2025-10-17 19:00:00,0.519,0.521,0.513,0.517,5386631.1
2025-10-17 20:00:00,0.518,0.523,0.514,0.519,5715615.0
2025-10-17 21:00:00,0.519,0.525,0.518,0.522,5136277.8
2025-10-17 22:00:00,0.523,0.523,0.515,0.518,4286683.3
2025-10-17 23:00:00,0.517,0.518,0.508,0.51,5251227.6
2025-10-18 00:00:00,0.509,0.513,0.507,0.51,5044025.0
2025-10-18 01:00:00,0.511,0.522,0.51,0.521,5725549.1
2025-10-18 02:00:00,0.52,0.525,0.513,0.514,5181112.9
2025-10-18 03:00:00,0.514,0.519,0.513,0.517,2867551.8
2025-10-18 04:00:00,0.518,0.518,0.512,0.513,3650034.4
2025-10-18 05:00:00,0.514,0.524,0.513,0.522,4909049.6
2025-10-18 06:00:00,0.523,0.524,0.516,0.52,5396287.8
2025-10-18 07:00:00,0.52,0.531,0.516,0.519,10555928.1
2025-10-18 08:00:00,0.518,0.523,0.517,0.519,6079976.1
2025-10-18 09:00:00,0.519,0.528,0.517,0.526,7030994.9
2025-10-18 10:00:00,0.525,0.53,0.522,0.529,5250312.5
2025-10-18 11:00:00,0.529,0.535,0.527,0.533,5587190.8
2025-10-18 12:00:00,0.534,0.534,0.525,0.527,4703806.8
2025-10-18 13:00:00,0.528,0.528,0.52,0.52,6175719.1
2025-10-18 14:00:00,0.521,0.528,0.518,0.526,4991304.7
2025-10-18 15:00:00,0.525,0.527,0.52,0.523,4463242.6
2025-10-18 16:00:00,0.524,0.525,0.515,0.519,6280513.8
2025-10-18 17:00:00,0.52,0.529,0.518,0.527,5413498.5
2025-10-18 18:00:00,0.528,0.532,0.525,0.526,3812220.5
2025-10-18 19:00:00,0.526,0.527,0.524,0.526,2499483.4
2025-10-18 20:00:00,0.526,0.533,0.525,0.529,4494144.7
2025-10-18 21:00:00,0.528,0.532,0.525,0.531,2965250.8
2025-10-18 22:00:00,0.531,0.533,0.527,0.528,2864971.3
2025-10-18 23:00:00,0.528,0.529,0.525,0.527,2593552.5
2025-10-19 00:00:00,0.528,0.528,0.521,0.524,3235855.7
2025-10-19 01:00:00,0.523,0.525,0.52,0.524,3050075.3
2025-10-19 02:00:00,0.523,0.527,0.522,0.525,3053445.5
2025-10-19 03:00:00,0.526,0.535,0.524,0.533,4415987.4
2025-10-19 04:00:00,0.532,0.534,0.526,0.528,3554135.1
2025-10-19 05:00:00,0.527,0.529,0.523,0.524,3255169.4
2025-10-19 06:00:00,0.525,0.526,0.519,0.521,3662509.6
2025-10-19 07:00:00,0.521,0.525,0.52,0.523,2999183.4
2025-10-19 08:00:00,0.524,0.532,0.517,0.52,9482516.6
2025-10-19 09:00:00,0.519,0.535,0.514,0.53,14181277.0
2025-10-19 10:00:00,0.53,0.549,0.528,0.548,20184054.9
2025-10-19 11:00:00,0.547,0.555,0.547,0.552,16581558.5
2025-10-19 12:00:00,0.551,0.561,0.55,0.554,10795058.7
2025-10-19 13:00:00,0.555,0.563,0.546,0.56,10907271.9
2025-10-19 14:00:00,0.56,0.568,0.556,0.566,10793572.0
2025-10-19 15:00:00,0.566,0.567,0.557,0.559,6558970.1
2025-10-19 16:00:00,0.559,0.562,0.553,0.557,6194661.7
2025-10-19 17:00:00,0.556,0.564,0.551,0.553,7587321.1
2025-10-19 18:00:00,0.553,0.556,0.552,0.555,4173103.2
2025-10-19 19:00:00,0.554,0.562,0.552,0.56,7748846.3
2025-10-19 20:00:00,0.559,0.562,0.555,0.561,5926018.8
2025-10-19 21:00:00,0.56,0.561,0.552,0.553,3750166.0
2025-10-19 22:00:00,0.554,0.56,0.553,0.558,3094273.9
2025-10-19 23:00:00,0.559,0.559,0.551,0.552,3454110.5
2025-10-20 00:00:00,0.553,0.553,0.54,0.547,9627785.3
2025-10-20 01:00:00,0.547,0.55,0.543,0.545,4374221.0
2025-10-20 02:00:00,0.545,0.548,0.54,0.546,6394903.4
2025-10-20 03:00:00,0.545,0.564,0.541,0.562,9151783.1
2025-10-20 04:00:00,0.562,0.57,0.556,0.56,9902679.4
2025-10-20 05:00:00,0.561,0.567,0.556,0.565,6000707.8
2025-10-20 06:00:00,0.566,0.572,0.562,0.568,6477600.0
2025-10-20 07:00:00,0.568,0.57,0.562,0.565,4746843.8
2025-10-20 08:00:00,0.566,0.57,0.56,0.563,6910076.5
2025-10-20 09:00:00,0.563,0.566,0.558,0.565,4580262.9
2025-10-20 10:00:00,0.564,0.575,0.562,0.568,8029952.4
2025-10-20 11:00:00,0.567,0.568,0.558,0.563,8087095.3
2025-10-20 12:00:00,0.563,0.568,0.562,0.564,6378783.6
2025-10-20 13:00:00,0.565,0.568,0.561,0.566,5236747.8
2025-10-20 14:00:00,0.567,0.568,0.56,0.565,5767118.6
2025-10-20 15:00:00,0.565,0.567,0.557,0.557,5318109.8
2025-10-20 16:00:00,0.558,0.558,0.542,0.549,18263435.7
2025-10-20 17:00:00,0.549,0.555,0.545,0.549,5867141.4
2025-10-20 18:00:00,0.549,0.551,0.543,0.548,5844844.5
2025-10-20 19:00:00,0.549,0.56,0.547,0.554,5382602.3
2025-10-20 20:00:00,0.555,0.556,0.551,0.555,4304228.5
2025-10-20 21:00:00,0.555,0.56,0.55,0.552,4109383.0
2025-10-20 22:00:00,0.551,0.555,0.549,0.553,5124640.3
2025-10-20 23:00:00,0.554,0.555,0.55,0.552,2259454.7
2025-10-21 00:00:00,0.551,0.552,0.546,0.549,3949683.5
2025-10-21 01:00:00,0.549,0.55,0.542,0.545,4967194.3
2025-10-21 02:00:00,0.545,0.548,0.542,0.543,4411169.5
2025-10-21 03:00:00,0.544,0.546,0.538,0.54,5416398.5
2025-10-21 04:00:00,0.541,0.542,0.528,0.53,14023413.3
2025-10-21 05:00:00,0.53,0.534,0.527,0.53,7695483.9
2025-10-21 06:00:00,0.531,0.536,0.528,0.533,5878472.1
2025-10-21 07:00:00,0.534,0.537,0.53,0.536,3922460.7
2025-10-21 08:00:00,0.535,0.535,0.527,0.531,4931993.9
2025-10-21 09:00:00,0.531,0.532,0.528,0.528,2719975.1
2025-10-21 10:00:00,0.529,0.536,0.527,0.532,5293536.0
2025-10-21 11:00:00,0.533,0.536,0.53,0.536,3734644.3
2025-10-21 12:00:00,0.535,0.543,0.532,0.536,6904028.6
2025-10-21 13:00:00,0.536,0.538,0.53,0.532,10383431.7
2025-10-21 14:00:00,0.532,0.569,0.532,0.568,17938033.7
2025-10-21 15:00:00,0.568,0.584,0.562,0.579,18531409.3
2025-10-21 16:00:00,0.579,0.588,0.569,0.571,14821606.1
2025-10-21 17:00:00,0.571,0.578,0.562,0.571,15645064.6
2025-10-21 18:00:00,0.572,0.574,0.566,0.574,6521422.5
2025-10-21 19:00:00,0.573,0.574,0.567,0.567,4604685.7
2025-10-21 20:00:00,0.567,0.569,0.557,0.558,7768081.8
2025-10-21 21:00:00,0.558,0.561,0.546,0.555,6964911.5
2025-10-21 22:00:00,0.554,0.556,0.537,0.539,10071300.8
2025-10-21 23:00:00,0.539,0.542,0.528,0.531,10008605.1
2025-10-22 00:00:00,0.53,0.535,0.523,0.527,9452400.5
2025-10-22 01:00:00,0.527,0.534,0.526,0.531,7059999.3
2025-10-22 02:00:00,0.531,0.536,0.53,0.532,3947454.9
2025-10-22 03:00:00,0.531,0.533,0.527,0.531,4621188.8
2025-10-22 04:00:00,0.531,0.536,0.531,0.534,4252970.4
2025-10-22 05:00:00,0.534,0.534,0.522,0.526,5978582.2
2025-10-22 06:00:00,0.527,0.528,0.524,0.524,4355262.9
2025-10-22 07:00:00,0.524,0.529,0.521,0.527,6938866.7
2025-10-22 08:00:00,0.528,0.528,0.523,0.526,3453447.5
2025-10-22 09:00:00,0.526,0.527,0.518,0.521,6173942.5
2025-10-22 10:00:00,0.52,0.524,0.517,0.517,5351443.2
2025-10-22 11:00:00,0.518,0.531,0.506,0.526,19808575.7
2025-10-22 12:00:00,0.526,0.535,0.523,0.53,10286835.9
2025-10-22 13:00:00,0.53,0.537,0.524,0.536,9070868.0
2025-10-22 14:00:00,0.535,0.538,0.525,0.538,18781110.6
2025-10-22 15:00:00,0.538,0.54,0.525,0.532,14173597.3
2025-10-22 16:00:00,0.533,0.535,0.524,0.529,14738957.6
2025-10-22 17:00:00,0.53,0.532,0.521,0.524,9038590.3
2025-10-22 18:00:00,0.523,0.527,0.52,0.523,8464283.3
2025-10-22 19:00:00,0.524,0.53,0.518,0.524,9577035.0
2025-10-22 20:00:00,0.524,0.526,0.516,0.517,8216120.7
2025-10-22 21:00:00,0.517,0.518,0.499,0.509,21371926.0
2025-10-22 22:00:00,0.508,0.515,0.506,0.509,7366958.8
2025-10-22 23:00:00,0.51,0.524,0.509,0.522,7936604.0
2025-10-23 00:00:00,0.522,0.523,0.517,0.52,5127892.5
2025-10-23 01:00:00,0.52,0.524,0.518,0.52,4811345.0
2025-10-23 02:00:00,0.519,0.522,0.518,0.521,3418777.4
2025-10-23 03:00:00,0.52,0.522,0.517,0.518,3089047.3
2025-10-23 04:00:00,0.519,0.526,0.517,0.522,4921571.6
2025-10-23 05:00:00,0.521,0.524,0.519,0.524,4805219.1
2025-10-23 06:00:00,0.523,0.533,0.522,0.53,10017310.4
2025-10-23 07:00:00,0.531,0.531,0.523,0.523,7681685.7
2025-10-23 08:00:00,0.524,0.528,0.523,0.525,5118343.5
2025-10-23 09:00:00,0.524,0.525,0.52,0.523,5377890.6
2025-10-23 10:00:00,0.522,0.526,0.521,0.521,4264755.2
2025-10-23 11:00:00,0.522,0.522,0.516,0.517,6237142.7
2025-10-23 12:00:00,0.518,0.52,0.512,0.519,8174892.1
2025-10-23 13:00:00,0.52,0.525,0.516,0.522,6024589.2
2025-10-23 14:00:00,0.523,0.524,0.516,0.519,2696900.7
2025-10-23 15:00:00,0.52,0.526,0.518,0.525,1879985.2
